% function evaluation | noise-free fitness - Fopt (9.294000000000e+01) | best noise-free fitness - Fopt | measured fitness | best measured fitness | x1 | x2...
1 +1.952440384e+03 +1.952440384e+03 +2.045380384e+03 +2.045380384e+03 +1.6466e-01 -1.2057e-01 -3.7384e-01 +3.4818e-01 -2.3509e-01 -2.0721e-02 -3.4211e-01 +5.5608e-01 -2.4372e-03 -1.3817e-01 -5.1501e-01 +3.2203e-01 -1.9562e-01 -1.3097e-02 -3.8366e-01 +3.4990e-01 +6.1878e-02 -5.7233e-01 +7.3628e-02 -7.9320e-01
9 +1.583643299e+03 +1.583643299e+03 +1.676583299e+03 +1.676583299e+03 +3.4226e-01 -4.0837e-01 -2.2472e-01 -2.4126e-01 -5.2790e-01 +7.2850e-01 +2.3987e-01 +4.1662e-01 +1.8557e-02 +2.0747e-01 +2.1899e-01 -2.2454e-01 -5.6621e-01 +1.0635e-01 -3.1112e-01 -3.6778e-01 -1.6701e-01 +6.9866e-01 -1.5780e-01 +6.3737e-01
% function evaluation | noise-free fitness - Fopt (3.535000000000e+01) | best noise-free fitness - Fopt | measured fitness | best measured fitness | x1 | x2...
1 +2.160130722e+03 +2.160130722e+03 +2.195480722e+03 +2.195480722e+03 +3.3737e-01 +5.2444e-01 +1.3064e-01 -8.0306e-01 +1.9932e-01 +6.8634e-01 +6.3142e-01 +7.2802e-01 -3.2475e-02 -5.3994e-01 +3.6209e-01 +1.0914e-01 +4.4105e-01 +8.4956e-01 +3.4648e-01 +4.9428e-01 +4.8292e-01 -9.2463e-01 +2.5301e-01 +5.1981e-01
% function evaluation | noise-free fitness - Fopt (3.820000000000e+00) | best noise-free fitness - Fopt | measured fitness | best measured fitness | x1 | x2...
1 +7.245772735e+02 +7.245772735e+02 +7.283972735e+02 +7.283972735e+02 +2.8710e-01 -1.0060e-01 -3.2800e-01 -3.2645e-01 +6.4898e-01 +9.8003e-02 +2.1173e-01 -1.8120e-01 +4.7318e-02 -7.8772e-02 +7.6202e-03 +8.2075e-01 +1.4815e-01 -1.5086e-01 -8.3863e-02 -5.1129e-01 -2.5074e-01 -2.3768e-01 -2.2371e-01 +5.9126e-01
27 +5.711806192e+02 +5.711806192e+02 +5.750006192e+02 +5.750006192e+02 +4.6428e-01 +3.3098e-01 +4.9188e-01 -5.4855e-01 +1.2111e-01 -3.8553e-01 -2.6497e-01 -1.4474e-01 +1.0027e-01 +7.7562e-01 -6.5494e-02 -1.4383e-01 -1.2680e-01 -8.1856e-01 +6.1053e-01 -6.8253e-01 -6.4297e-01 +3.2448e-01 -1.2662e-01 -1.2137e-01
% function evaluation | noise-free fitness - Fopt (2.175000000000e+01) | best noise-free fitness - Fopt | measured fitness | best measured fitness | x1 | x2...
1 +1.214671770e+03 +1.214671770e+03 +1.236421770e+03 +1.236421770e+03 -1.3064e-02 -4.6258e-02 -2.4677e-01 +2.1994e-01 +7.0672e-01 -7.1714e-01 +4.8930e-01 -6.9859e-01 -5.4949e-01 +1.1960e-02 -5.7511e-01 -1.8038e-02 -6.9005e-01 +3.2039e-01 +2.8642e-01 -2.8619e-01 +1.4387e-02 +2.4257e-02 +3.8133e-01 -1.9792e-01
4 +9.070970470e+02 +9.070970470e+02 +9.288470470e+02 +9.288470470e+02 +6.0132e-01 -1.9927e-01 +3.9258e-02 -1.7510e-01 -5.2609e-02 +8.2958e-02 +3.9694e-02 +1.9540e-01 -4.6101e-01 +6.5161e-01 +1.3395e-01 +4.5770e-01 -8.0730e-02 +1.1021e-01 -2.3193e-01 -4.0924e-01 +1.5116e-02 +3.8132e-01 -4.9075e-01 +5.5471e-01
% function evaluation | noise-free fitness - Fopt (6.479000000000e+01) | best noise-free fitness - Fopt | measured fitness | best measured fitness | x1 | x2...
1 +1.045052780e+03 +1.045052780e+03 +1.109842780e+03 +1.109842780e+03 +4.2658e-01 +7.1533e-01 +2.3305e-01 +2.4171e-01 +3.5861e-01 +4.2869e-01 -6.0982e-01 -7.3809e-02 +7.2463e-01 -8.0881e-01 +4.6581e-01 -5.5027e-01 +9.0613e-04 -8.8446e-01 -7.2265e-01 +5.8876e-01 +4.3681e-02 +4.7553e-01 +3.1004e-01 +1.3648e-01
3 +7.951634170e+02 +7.951634170e+02 +8.599534170e+02 +8.599534170e+02 +5.4724e-01 -2.0631e-01 +5.5316e-01 +5.6041e-01 +2.1024e-01 +7.5363e-02 +3.2663e-01 +2.6053e-01 +1.7491e-01 +4.5538e-01 +4.3423e-01 -2.7254e-01 +5.8667e-01 +4.3790e-01 +2.1086e-01 +1.5729e-01 +3.5834e-01 +6.4440e-01 -3.1002e-01 -3.2115e-02
32 +5.825970639e+02 +5.825970639e+02 +6.473870639e+02 +6.473870639e+02 +3.0312e-01 -3.3703e-01 -3.9961e-01 +4.4450e-01 -3.5283e-01 -5.6878e-01 -3.6911e-01 -1.1938e-01 -3.5085e-01 +3.2978e-01 +2.6984e-01 +2.1390e-01 -5.1740e-01 +2.1908e-02 -6.7648e-01 +5.9559e-01 +2.9114e-01 -6.1086e-01 +2.5744e-01 +4.6739e-01
% function evaluation | noise-free fitness - Fopt (-1.000000000000e+03) | best noise-free fitness - Fopt | measured fitness | best measured fitness | x1 | x2...
1 +6.167192101e+02 +6.167192101e+02 -3.832807899e+02 -3.832807899e+02 -4.7034e-01 +1.2716e-01 +2.8745e-02 +4.1632e-01 +3.4009e-02 +5.4811e-01 -8.1074e-02 -2.9134e-01 +2.3878e-01 -6.0687e-01 +6.9955e-02 +1.2102e-01 +2.5946e-01 -7.6100e-02 +3.8514e-01 +2.7714e-01 -9.3049e-02 -2.9798e-01 +4.1902e-01 +5.6914e-01
% function evaluation | noise-free fitness - Fopt (6.750100000000e+02) | best noise-free fitness - Fopt | measured fitness | best measured fitness | x1 | x2...
1 +9.745043744e+02 +9.745043744e+02 +1.649514374e+03 +1.649514374e+03 +6.5209e-01 -3.2608e-01 +5.0204e-02 +1.6043e-01 -8.1535e-02 -2.3081e-01 +3.7726e-01 +2.2936e-02 +1.1374e-01 -6.9818e-01 +5.8212e-01 -5.7192e-01 +3.6672e-01 +1.4590e-01 +4.2060e-01 +1.7382e-01 -7.4060e-01 -2.5049e-01 +3.0761e-01 -4.2134e-01
2 +6.051499202e+02 +6.051499202e+02 +1.280159920e+03 +1.280159920e+03 -7.0209e-02 +4.4647e-01 -2.9412e-01 +3.0919e-01 -5.3266e-03 +4.0978e-01 +3.7998e-02 +1.3690e-01 +1.0834e-01 +1.6351e-02 -2.0224e-01 +7.5409e-01 +7.2610e-01 +3.6360e-01 +4.1841e-01 +1.8578e-01 +1.5586e-01 +5.3962e-01 +4.0940e-01 -5.7882e-01
% function evaluation | noise-free fitness - Fopt (-3.580600000000e+02) | best noise-free fitness - Fopt | measured fitness | best measured fitness | x1 | x2...
1 +1.417966017e+03 +1.417966017e+03 +1.059906017e+03 +1.059906017e+03 +5.5202e-02 -2.9037e-01 -2.2798e-01 -9.2845e-02 +1.4620e-01 +5.9135e-02 +1.7164e-01 -4.8534e-01 -4.0167e-01 -9.2426e-02 -2.2179e-01 -3.3888e-01 +6.2049e-01 -3.7757e-01 -1.9527e-01 -5.9117e-01 +2.0459e-01 +7.2730e-01 +2.9727e-02 +3.5829e-01
64 +9.512728522e+02 +9.512728522e+02 +5.932128522e+02 +5.932128522e+02 -7.0954e-02 -2.3555e-01 +1.8389e-03 -7.9418e-01 -6.5366e-01 -7.4242e-02 +3.0417e-01 -6.3935e-02 +1.3227e-01 -3.3504e-02 -1.3868e-01 -1.0727e-01 -4.9873e-01 -4.7988e-01 +5.3115e-01 -2.8094e-01 -3.3471e-01 +8.3755e-01 -3.0763e-01 -4.0027e-03
% function evaluation | noise-free fitness - Fopt (-4.797000000000e+01) | best noise-free fitness - Fopt | measured fitness | best measured fitness | x1 | x2...
1 +7.290868705e+02 +7.290868705e+02 +6.811168705e+02 +6.811168705e+02 +1.7938e-01 -4.4032e-01 -4.3163e-02 -2.8092e-02 -5.4209e-01 -5.5286e-01 +3.7956e-01 -1.0367e-01 -6.8137e-01 -5.0083e-01 -4.9691e-01 -8.5853e-02 -2.8616e-01 -2.3889e-01 -9.7331e-02 +5.3423e-01 -2.4584e-01 -2.7947e-01 -6.8461e-02 +2.6628e-01
6 +5.380518109e+02 +5.380518109e+02 +4.900818109e+02 +4.900818109e+02 +5.5930e-01 -3.7651e-01 +2.9188e-01 -1.8770e-01 -4.6391e-01 -2.5918e-01 +1.2078e-01 -2.7483e-01 -2.9775e-02 +4.2707e-01 +1.9795e-01 -4.8182e-01 +3.1524e-01 +2.4911e-01 -4.4594e-01 -1.8710e-02 -6.4113e-01 -3.3011e-01 -9.3557e-02 -3.4568e-02
% function evaluation | noise-free fitness - Fopt (-8.294100000000e+02) | best noise-free fitness - Fopt | measured fitness | best measured fitness | x1 | x2...
1 +6.388232709e+02 +6.388232709e+02 -1.905867291e+02 -1.905867291e+02 +2.6132e-01 +7.1790e-01 -7.0233e-01 -2.7379e-01 -1.1885e-01 +1.5948e-01 +2.2676e-02 +7.6515e-01 +1.7808e-01 -7.7454e-01 -1.7721e-01 -6.0309e-01 -4.3070e-01 -1.1889e-01 -8.2423e-01 -3.3811e-01 +7.5526e-01 -1.2017e-01 +2.0565e-01 -9.8741e-02
10 +5.134370937e+02 +5.134370937e+02 -3.159729063e+02 -3.159729063e+02 -4.5401e-01 +2.9171e-01 +3.5606e-01 +6.3895e-01 +3.2663e-01 +3.3901e-01 -9.1651e-02 +5.4540e-01 +9.6375e-02 -2.1960e-01 +9.5020e-01 -3.5599e-01 -5.2574e-01 +5.8207e-01 +7.0693e-01 +1.8175e-01 +4.4867e-02 -4.8212e-01 -2.4045e-01 -1.2222e-01
% function evaluation | noise-free fitness - Fopt (5.681000000000e+01) | best noise-free fitness - Fopt | measured fitness | best measured fitness | x1 | x2...
1 +7.602165012e+02 +7.602165012e+02 +8.170265012e+02 +8.170265012e+02 -1.2117e-01 -6.1242e-01 +5.7820e-01 -9.0345e-02 +5.8348e-01 +3.0430e-01 +1.5704e-01 +2.0523e-01 -6.6325e-02 -7.7066e-02 +2.0789e-01 -4.3271e-01 +3.2042e-01 -2.4925e-01 -4.1084e-01 +5.0077e-01 +5.3417e-01 +1.8999e-01 -7.9867e-01 -7.7804e-01
2 +4.438593620e+02 +4.438593620e+02 +5.006693620e+02 +5.006693620e+02 +2.0550e-01 +4.2632e-01 +6.8707e-01 -3.5790e-01 -7.4167e-01 -6.5958e-02 +9.7832e-02 +8.4528e-02 -4.6758e-01 -2.3871e-01 +4.7110e-01 -7.9342e-02 +1.5238e-01 -1.5302e-01 +4.1879e-01 +7.7222e-01 -1.1951e-01 -4.5668e-01 +2.2864e-01 +7.8297e-02
62 +3.832064037e+02 +3.832064037e+02 +4.400164037e+02 +4.400164037e+02 -5.6171e-01 +1.7415e-01 +1.5403e-01 -1.2028e-01 -7.8815e-01 -7.0160e-01 -8.7034e-02 -2.8326e-01 -1.4298e-01 -2.4173e-01 -7.1461e-01 +3.7344e-01 -1.8923e-01 +5.9210e-01 -3.6725e-02 +1.6820e-01 -4.3040e-01 +2.0717e-01 +3.1735e-01 +5.7766e-01
% function evaluation | noise-free fitness - Fopt (4.209000000000e+01) | best noise-free fitness - Fopt | measured fitness | best measured fitness | x1 | x2...
1 +3.118677801e+02 +3.118677801e+02 +3.539577801e+02 +3.539577801e+02 +3.6925e-01 +1.2094e-01 -7.8610e-01 -7.2717e-01 -5.1715e-02 -1.6460e-01 -4.4967e-01 -1.8810e-01 -2.7887e-01 +2.1151e-01 -5.5620e-01 +7.0227e-01 -5.4960e-01 +3.3342e-01 -8.4010e-01 +7.1460e-01 +4.8649e-01 +2.5039e-01 +5.0336e-01 -1.0680e-02
% function evaluation | noise-free fitness - Fopt (4.579000000000e+01) | best noise-free fitness - Fopt | measured fitness | best measured fitness | x1 | x2...
1 +1.181780339e+03 +1.181780339e+03 +1.227570339e+03 +1.227570339e+03 -2.4001e-01 +2.7878e-01 +2.6329e-01 -1.4685e-01 +8.9247e-01 -4.0329e-01 -1.8441e-01 -6.8307e-01 -4.8446e-01 -4.0919e-01 -6.1231e-02 -2.7631e-01 -3.5676e-01 -1.6109e-02 +8.2810e-02 +2.6232e-01 -6.2331e-01 -1.0774e-01 -1.2695e-01 -2.9970e-01
2 +9.674853861e+02 +9.674853861e+02 +1.013275386e+03 +1.013275386e+03 +9.3636e-01 +2.1672e-02 -2.5514e-01 +2.0408e-01 +4.7059e-01 -4.5898e-02 -9.4936e-02 -8.1552e-02 -7.2345e-01 -3.5578e-01 -6.2451e-01 +7.4804e-01 -7.1097e-02 +3.8285e-01 -3.6829e-01 -4.9971e-01 -1.3974e-01 -1.0144e-01 -5.3972e-01 +2.8797e-01
% function evaluation | noise-free fitness - Fopt (-1.000000000000e+03) | best noise-free fitness - Fopt | measured fitness | best measured fitness | x1 | x2...
1 +3.411966115e+02 +3.411966115e+02 -6.588033885e+02 -6.588033885e+02 +8.5873e-02 +8.0439e-01 -6.3194e-01 +8.7925e-02 +5.2120e-02 +7.5688e-01 +3.5589e-01 +4.0267e-01 -4.9780e-01 +1.2552e-01 -1.5702e-01 -8.6148e-01 -6.0217e-01 +1.0841e-01 +1.3707e-01 +4.0275e-01 +4.5612e-01 +4.0527e-01 +1.5552e-01 +8.0349e-01
66 +2.417363643e+02 +2.417363643e+02 -7.582636357e+02 -7.582636357e+02 +1.2976e-01 -5.9603e-01 +6.4016e-02 +2.3585e-01 -1.6845e-01 -4.2877e-01 +8.5679e-01 +2.8031e-01 +2.2332e-01 +2.4483e-01 +4.7651e-01 +1.2819e-01 -8.1986e-02 -3.8641e-01 +1.1582e-01 +2.2026e-01 -6.8604e-01 +1.4382e-01 -8.6273e-01 -3.4729e-01
% function evaluation | noise-free fitness - Fopt (1.575000000000e+01) | best noise-free fitness - Fopt | measured fitness | best measured fitness | x1 | x2...
1 +8.948429938e+02 +8.948429938e+02 +9.105929938e+02 +9.105929938e+02 +3.5489e-01 +4.7953e-01 +3.2344e-01 -2.0169e-01 -3.8829e-01 +5.0011e-01 +1.8487e-01 +1.8236e-01 -1.7022e-01 +2.0872e-01 +1.4745e-01 +6.1906e-01 +4.6365e-01 -3.4188e-01 -7.5853e-02 -7.3644e-01 -6.2332e-01 +5.6481e-01 -2.7197e-01 -9.4845e-02
