% function evaluation | noise-free fitness - Fopt (-5.494000000000e+01) | best noise-free fitness - Fopt | measured fitness | best measured fitness | x1 | x2...
1 +4.902522526e+06 +4.902522526e+06 +4.902467586e+06 +4.902467586e+06 -1.1072e-01 +4.8596e-01 -2.9110e-01 -5.9716e-01 -2.8076e-02 -1.8325e-01 +1.9274e-01 -6.3614e-01 +3.9879e-01 +1.6172e-01 +3.2243e-01 +2.6238e-01 -3.3069e-01 -1.4455e-01 +2.3768e-01 -8.0563e-01 +2.4847e-01 +1.8016e-01 -4.1760e-01 -7.5189e-01
14 +3.911841053e+06 +3.911841053e+06 +3.911786113e+06 +3.911786113e+06 -4.8193e-01 +5.1381e-02 -6.3507e-02 -1.0494e-01 -6.8526e-01 -4.3231e-01 +6.1627e-01 -1.7212e-01 -4.4831e-01 -3.9173e-01 +2.7270e-02 -3.6993e-01 -2.3922e-01 -1.3764e-01 +5.1335e-02 -2.3064e-01 +4.8876e-01 +3.1009e-02 +2.4528e-01 -8.5769e-02
30 +2.496453075e+06 +2.496453075e+06 +2.496398135e+06 +2.496398135e+06 -5.3792e-01 -5.7775e-01 -2.8627e-01 +3.5379e-01 +4.9657e-03 -7.1711e-02 -1.7603e-01 +5.5487e-01 -5.4187e-01 -5.3113e-01 -3.3950e-01 -1.9748e-02 +7.2895e-01 -6.1843e-01 +2.2454e-01 +4.2575e-01 -1.4016e-01 +4.6292e-01 +1.4317e-01 -6.0376e-01
% function evaluation | noise-free fitness - Fopt (5.913000000000e+01) | best noise-free fitness - Fopt | measured fitness | best measured fitness | x1 | x2...
1 +2.263538904e+06 +2.263538904e+06 +2.263598034e+06 +2.263598034e+06 -5.4434e-01 +4.7436e-02 -6.7097e-01 +5.6680e-02 +6.4953e-01 +8.7811e-02 +3.8018e-01 +4.1554e-01 -6.2413e-02 -9.8217e-01 -6.9081e-01 -3.2334e-02 -2.6204e-01 -5.0920e-01 -4.7082e-01 +1.7769e-01 +3.3833e-01 -4.8282e-01 -1.4612e-01 +3.4953e-01
64 +1.457065642e+06 +1.457065642e+06 +1.457124772e+06 +1.457124772e+06 -6.6947e-01 +6.0541e-02 -4.6077e-01 +5.0857e-01 +1.7619e-01 -6.2624e-01 -2.3850e-01 +6.0699e-01 -5.6427e-01 -5.5389e-01 +1.0018e-01 -2.1729e-01 -1.2424e-01 -6.4008e-01 -8.1117e-01 -4.4289e-01 -2.7788e-01 +5.3495e-02 +1.4842e-01 +7.2267e-01
% function evaluation | noise-free fitness - Fopt (-4.915300000000e+02) | best noise-free fitness - Fopt | measured fitness | best measured fitness | x1 | x2...
1 +1.342207623e+06 +1.342207623e+06 +1.341716093e+06 +1.341716093e+06 +3.0789e-01 +2.2666e-02 +1.3340e-02 +2.9444e-01 +9.5581e-02 +6.1320e-01 -4.6110e-02 +7.5064e-01 -5.7417e-01 +7.1896e-02 +7.9725e-01 -4.4622e-01 -1.7988e-01 -8.8484e-01 +1.5028e-01 -6.3623e-01 +3.5893e-01 +6.7025e-03 +1.6426e-01 +4.7294e-01
8 +8.063351203e+05 +8.063351203e+05 +8.058435903e+05 +8.058435903e+05 -5.2276e-02 +5.5481e-02 +3.3464e-01 +3.7677e-01 -8.1018e-02 -4.3723e-01 +5.1479e-01 -2.3397e-01 +9.0660e-02 -1.2379e-01 +3.6640e-01 +7.6780e-01 -2.6673e-01 -5.1699e-01 -5.5807e-01 -3.1005e-01 -4.7430e-01 +7.1318e-01 +2.0002e-01 +8.9857e-03
% function evaluation | noise-free fitness - Fopt (-1.702000000000e+02) | best noise-free fitness - Fopt | measured fitness | best measured fitness | x1 | x2...
1 +1.512572772e+07 +1.512572772e+07 +1.512555752e+07 +1.512555752e+07 +2.3357e-01 +2.7179e-01 +3.0165e-01 -6.4604e-01 +2.5481e-01 +1.9382e-01 +1.9067e-02 -5.1993e-01 +1.7982e-01 -8.7317e-01 +5.1645e-02 +4.9977e-01 +4.3863e-01 +9.0014e-01 +7.7317e-02 +2.3215e-01 -4.4120e-01 -5.4102e-01 +1.7659e-01 -1.1758e-01
3 +7.216027309e+06 +7.216027309e+06 +7.215857109e+06 +7.215857109e+06 -4.8005e-01 -2.0183e-01 +3.4421e-01 -2.1958e-01 +6.3790e-01 -8.9248e-01 -4.0430e-01 +1.3193e-01 -2.0658e-01 +1.5350e-01 +3.3728e-03 -2.0398e-01 -1.5307e-01 -3.9725e-01 +4.3636e-01 -5.0102e-01 +8.7836e-02 -4.2535e-01 -1.3306e-01 +1.9453e-01
% function evaluation | noise-free fitness - Fopt (-4.697500000000e+02) | best noise-free fitness - Fopt | measured fitness | best measured fitness | x1 | x2...
1 +1.081229700e+07 +1.081229700e+07 +1.081182725e+07 +1.081182725e+07 -6.5657e-01 -2.0164e-01 -6.5244e-01 +4.7142e-01 +1.0116e-01 +4.6378e-02 -8.0598e-01 -1.5191e-01 +3.9638e-01 -6.3545e-01 +3.7082e-01 +4.2601e-01 -2.9395e-01 +7.1892e-03 -4.0051e-01 +5.2243e-01 +2.8909e-01 +6.3207e-01 -1.4197e-01 -5.2315e-01
2 +8.236024445e+06 +8.236024445e+06 +8.235554695e+06 +8.235554695e+06 -1.0066e-03 +4.5341e-01 +2.4010e-01 +6.5275e-01 +2.2691e-01 -2.4903e-01 +1.8036e-02 -2.7240e-01 +3.9833e-01 +2.8850e-01 -8.0585e-01 -4.6444e-01 +1.5573e-01 +4.1912e-01 +7.0443e-02 +3.2059e-01 +7.5443e-02 +2.9230e-01 +1.9290e-01 -5.8846e-01
% function evaluation | noise-free fitness - Fopt (1.999100000000e+02) | best noise-free fitness - Fopt | measured fitness | best measured fitness | x1 | x2...
1 +1.036219084e+06 +1.036219084e+06 +1.036418994e+06 +1.036418994e+06 -8.9117e-02 -1.1563e-01 -1.8263e-02 -5.4873e-01 -7.4849e-01 -3.0640e-01 -5.8011e-02 +1.6792e-01 +7.6963e-01 +1.2285e-01 +7.9573e-01 -7.8450e-02 +2.1267e-01 +5.3697e-01 -4.4363e-01 +1.2159e-02 +7.7012e-02 -1.0486e-01 -7.5678e-03 -4.7481e-01
4 +9.764296260e+05 +9.764296260e+05 +9.766295360e+05 +9.766295360e+05 +5.4141e-01 -6.0547e-01 +3.4199e-01 -7.8013e-01 +3.6051e-01 -3.9382e-01 -6.0657e-01 -1.0301e-01 -2.8697e-01 -5.2204e-01 +8.9784e-02 -3.6942e-01 +3.5809e-01 -2.0067e-01 +4.6682e-01 +3.3454e-01 -8.6476e-01 -1.7194e-01 +1.6515e-01 -3.6811e-02
10 +5.289566371e+05 +5.289566371e+05 +5.291565471e+05 +5.291565471e+05 +5.8200e-02 +3.4275e-01 +2.7652e-01 -5.5101e-01 +5.5489e-01 +1.6836e-01 -4.3385e-01 +2.9485e-01 -4.8529e-01 +7.4142e-01 +9.6248e-02 -4.1291e-01 -3.2317e-01 +2.2482e-01 -4.0039e-02 +4.8386e-01 -6.9190e-01 -1.2619e-01 -4.6603e-01 +1.2109e-01
% function evaluation | noise-free fitness - Fopt (-4.296000000000e+02) | best noise-free fitness - Fopt | measured fitness | best measured fitness | x1 | x2...
1 +6.214208227e+06 +6.214208227e+06 +6.213778627e+06 +6.213778627e+06 -5.5728e-01 +4.4593e-01 +7.2699e-01 +9.6832e-02 +1.9017e-01 -2.1659e-01 -4.4829e-01 -4.0258e-01 +1.9008e-01 -6.5820e-01 +1.6532e-01 -2.9427e-01 -1.8847e-01 -1.1117e-01 +1.5016e-01 -3.1168e-01 +2.1069e-01 -2.2781e-01 -6.8551e-02 +3.8545e-01
4 +3.304674374e+06 +3.304674374e+06 +3.304244774e+06 +3.304244774e+06 +1.8083e-01 -3.0131e-01 -5.0232e-01 -1.0699e-01 -6.5991e-01 +1.0211e-01 +6.6056e-02 -6.0544e-01 +2.6894e-01 +5.7281e-01 -4.5798e-01 -4.0638e-01 +4.9862e-02 -5.2806e-01 -1.3280e-01 +6.2573e-02 -1.4926e-01 -2.0651e-01 +3.6386e-01 -1.4545e-01
% function evaluation | noise-free fitness - Fopt (1.000000000000e+03) | best noise-free fitness - Fopt | measured fitness | best measured fitness | x1 | x2...
1 +1.395551491e+07 +1.395551491e+07 +1.395651491e+07 +1.395651491e+07 -1.2149e-01 -2.3555e-01 -4.8267e-01 -2.7183e-02 -3.9509e-01 +1.6754e-01 +3.8696e-01 -8.6450e-02 -1.0138e-01 +2.4214e-01 +2.5255e-01 -4.6256e-01 -3.5418e-01 +4.2688e-01 +2.4751e-01 -1.0304e-02 -1.2881e-01 -7.8506e-01 -1.7170e-01 +7.6250e-03
4 +9.467086026e+06 +9.467086026e+06 +9.468086026e+06 +9.468086026e+06 -1.4629e-01 -3.7147e-01 -2.7923e-01 +6.2295e-02 -2.7069e-01 -8.4710e-02 +2.5302e-02 +4.8625e-01 -4.9791e-01 +5.8973e-01 -1.0144e-02 +5.1189e-01 +4.7376e-01 -5.6088e-01 +6.1774e-01 +1.3265e-01 -1.9915e-01 -5.7288e-01 -4.4743e-01 -3.1437e-01
% function evaluation | noise-free fitness - Fopt (1.951500000000e+02) | best noise-free fitness - Fopt | measured fitness | best measured fitness | x1 | x2...
1 +3.837610572e+06 +3.837610572e+06 +3.837805722e+06 +3.837805722e+06 +2.1119e-01 +5.7267e-01 +2.5819e-01 -6.7491e-01 +3.9480e-01 -3.6014e-01 +8.3871e-01 +2.6315e-01 -2.1455e-01 +1.7457e-01 -8.7019e-02 +1.0502e-01 +1.1910e-01 -6.0664e-01 -1.1974e-02 +1.6283e-02 -8.3963e-02 -1.6796e-01 +2.0408e-01 -1.1624e-01
14 +2.260773372e+06 +2.260773372e+06 +2.260968522e+06 +2.260968522e+06 -6.9193e-01 +4.6760e-01 +1.1035e-01 +7.1275e-01 -7.3922e-02 +2.8324e-01 +3.0924e-01 +3.5348e-02 -3.2969e-01 +4.0142e-01 +4.0852e-01 +2.5268e-01 -9.2849e-02 -5.5093e-01 -5.5037e-01 +1.0436e-01 +5.0662e-01 +3.0533e-01 -3.9071e-01 +4.8520e-01
70 +1.581240616e+06 +1.581240616e+06 +1.581435766e+06 +1.581435766e+06 +8.7351e-01 +5.7737e-02 -6.0099e-01 +4.1821e-01 -3.8528e-01 +4.4035e-01 +6.8681e-01 +2.6671e-01 -7.2946e-01 +5.7553e-01 +6.2574e-01 +1.3279e-01 +5.7460e-01 +8.0761e-02 -4.5129e-01 -2.8758e-02 -3.1704e-01 -3.6184e-01 +3.7524e-01 -1.6008e-01
% function evaluation | noise-free fitness - Fopt (-4.335000000000e+01) | best noise-free fitness - Fopt | measured fitness | best measured fitness | x1 | x2...
1 +2.888968593e+07 +2.888968593e+07 +2.888964258e+07 +2.888964258e+07 -9.1376e-02 +2.8208e-01 -2.4371e-01 -3.8663e-01 -1.2078e-01 +1.3846e-01 -6.1581e-01 -2.0341e-01 +3.9010e-01 +1.1618e-01 -7.3801e-01 -3.0350e-01 +4.7108e-01 +4.0125e-01 +6.3665e-01 -2.9890e-01 +2.1634e-02 -6.0134e-02 -2.9571e-01 +2.8686e-01
4 +2.422596685e+07 +2.422596685e+07 +2.422592350e+07 +2.422592350e+07 +3.1638e-01 +1.9937e-01 -1.9766e-01 -3.3137e-01 +7.8158e-02 +1.1250e-01 -2.3746e-01 -7.8645e-02 +1.2312e-01 -2.8816e-01 +7.4265e-01 +2.0115e-01 -1.8524e-01 +4.4128e-01 +2.4670e-01 -7.1842e-03 -1.1250e-02 -2.6441e-01 +3.3132e-01 -1.1986e-01
% function evaluation | noise-free fitness - Fopt (2.790900000000e+02) | best noise-free fitness - Fopt | measured fitness | best measured fitness | x1 | x2...
1 +1.335083852e+07 +1.335083852e+07 +1.335111761e+07 +1.335111761e+07 +5.8359e-01 -6.9477e-02 +2.2040e-01 -2.4672e-01 -9.3003e-01 -5.3840e-01 +5.5047e-01 -1.8032e-01 +4.7852e-01 -4.3838e-01 -3.1816e-01 -2.0173e-01 +3.9212e-01 -5.7210e-02 +6.5572e-01 +4.0370e-01 -3.5340e-01 +5.6757e-01 -2.7089e-01 +6.1714e-01
41 +9.455677012e+06 +9.455677012e+06 +9.455956102e+06 +9.455956102e+06 -5.7170e-01 +5.1814e-01 -1.9122e-01 +2.7136e-01 -7.1459e-01 -1.7946e-01 +2.8709e-01 +7.1089e-01 -1.4151e-01 +7.9066e-02 -7.0603e-01 -8.2382e-01 -3.7995e-01 +9.8378e-02 +2.1952e-02 +5.6872e-01 -7.3031e-02 -6.3651e-01 -1.7573e-01 +1.9586e-01
% function evaluation | noise-free fitness - Fopt (1.000000000000e+03) | best noise-free fitness - Fopt | measured fitness | best measured fitness | x1 | x2...
1 +4.868223547e+06 +4.868223547e+06 +4.869223547e+06 +4.869223547e+06 -2.9002e-01 -8.5672e-01 -3.7947e-01 +4.2207e-01 +4.1333e-01 -5.8662e-01 -6.6751e-02 +4.4657e-02 -4.0408e-02 -1.7868e-01 +8.1562e-01 -2.7515e-01 -7.0474e-01 +5.0206e-01 +5.4348e-01 +1.5703e-01 -4.3511e-02 -9.5943e-02 -6.5235e-01 -1.9032e-02
2 +2.493684059e+06 +2.493684059e+06 +2.494684059e+06 +2.494684059e+06 -1.9999e-01 +8.5563e-01 -1.8570e-01 -5.3401e-01 -4.6721e-01 +1.8106e-01 -1.1215e-01 +1.9793e-01 -4.0200e-02 +4.2871e-01 +7.5794e-01 +8.2714e-01 -5.8566e-01 +1.1776e-01 +2.5992e-01 -2.7892e-01 +8.8280e-02 -1.2041e-01 -5.0146e-01 -4.9894e-02
% function evaluation | noise-free fitness - Fopt (-1.148100000000e+02) | best noise-free fitness - Fopt | measured fitness | best measured fitness | x1 | x2...
1 +6.185660513e+06 +6.185660513e+06 +6.185545703e+06 +6.185545703e+06 -9.7556e-02 +4.1814e-01 +6.9996e-01 -5.3478e-02 -1.2173e-01 -1.5772e-01 -7.7100e-02 -2.6833e-01 -4.7068e-01 +5.7867e-01 +3.9004e-02 -4.3684e-01 -3.0320e-01 +2.2791e-01 +1.9323e-01 +8.8723e-02 +1.0379e-01 +4.2507e-01 -2.6424e-01 +2.4229e-01
2 +3.835836366e+06 +3.835836366e+06 +3.835721556e+06 +3.835721556e+06 -8.3954e-01 +1.4088e-02 -9.0673e-01 -2.6664e-01 -1.9882e-02 +6.8230e-01 -1.3554e-01 -5.2596e-01 -4.3678e-01 +1.8824e-01 +4.9718e-01 +7.1746e-01 +5.0867e-01 +6.6871e-01 -5.1656e-01 -4.1706e-01 +5.5494e-01 +3.3537e-01 +3.7992e-01 +1.3717e-01
20 +2.316538707e+06 +2.316538707e+06 +2.316423897e+06 +2.316423897e+06 +2.5309e-01 +2.9693e-01 -7.2878e-01 -3.4798e-01 +1.7234e-01 +4.0623e-01 -7.2845e-02 -2.5570e-01 +4.7391e-01 +1.4482e-01 -1.2835e-01 +4.5838e-01 +2.5155e-01 -1.8330e-01 -5.4518e-02 +2.1684e-01 +2.8925e-01 -5.3887e-01 +8.2734e-02 +7.1920e-01
62 +1.369532847e+06 +1.369532847e+06 +1.369418037e+06 +1.369418037e+06 +4.1796e-01 -5.9851e-01 +6.1121e-02 -3.2855e-01 +3.4227e-01 +9.3686e-01 +1.8771e-01 +1.6055e-01 +9.8821e-01 -6.9373e-02 -2.2159e-01 +4.7536e-02 -5.5600e-01 -3.4604e-01 -3.5870e-01 +3.2093e-01 +8.2422e-01 +3.4303e-01 -7.6502e-01 -1.1018e-01
% function evaluation | noise-free fitness - Fopt (-3.505800000000e+02) | best noise-free fitness - Fopt | measured fitness | best measured fitness | x1 | x2...
1 +1.011966438e+07 +1.011966438e+07 +1.011931380e+07 +1.011931380e+07 +7.0521e-03 -6.0353e-01 -2.1987e-01 +2.7969e-01 -2.1523e-01 +9.3550e-02 -3.2451e-01 +8.7220e-01 +2.8522e-01 +3.7413e-01 -1.0547e-02 +1.5488e-01 +7.2693e-01 -1.9080e-01 -4.3196e-01 +3.4841e-01 -9.4160e-01 +3.8922e-01 +6.5075e-01 +2.9177e-01
3 +7.683976136e+06 +7.683976136e+06 +7.683625556e+06 +7.683625556e+06 -4.5758e-01 +1.6474e-01 +3.9751e-01 -1.5104e-01 -2.5019e-02 +4.6990e-01 +1.9486e-02 +2.1858e-01 -5.4496e-01 -6.0065e-03 +4.1648e-01 -9.5749e-02 -5.7772e-01 +3.1209e-01 -2.7264e-01 +1.4738e-01 -1.1896e-03 -6.1143e-01 +1.1836e-01 +5.4495e-01
16 +6.309296628e+06 +6.309296628e+06 +6.308946048e+06 +6.308946048e+06 -6.3867e-01 -2.1201e-01 +6.2626e-01 -2.2505e-01 +1.1904e-01 -3.6817e-01 +1.1907e-01 -2.0966e-01 -4.4685e-01 -6.4363e-01 -7.9130e-01 +1.8959e-01 -2.4814e-01 +1.6153e-01 -3.2166e-01 +7.5205e-02 -2.7709e-01 -4.9725e-01 +4.0232e-01 +3.2130e-01
% function evaluation | noise-free fitness - Fopt (-5.700000000000e+00) | best noise-free fitness - Fopt | measured fitness | best measured fitness | x1 | x2...
1 +1.070754836e+07 +1.070754836e+07 +1.070754266e+07 +1.070754266e+07 +7.9705e-01 -1.9751e-01 +1.2182e-01 +1.7755e-01 -2.4573e-01 +5.9256e-01 -2.5748e-01 +4.7810e-02 +1.2418e-01 -2.8536e-02 +5.2984e-01 +5.5389e-01 +4.9777e-01 -7.6035e-02 +3.8430e-01 -2.3339e-01 -3.7844e-01 -2.7682e-01 -3.0840e-01 -5.9156e-01
2 +9.922435747e+06 +9.922435747e+06 +9.922430047e+06 +9.922430047e+06 +8.3452e-01 -6.6625e-01 -4.5700e-03 -3.4421e-01 +2.8763e-02 +4.0381e-01 -2.6262e-01 -7.8987e-01 +3.8960e-01 -7.3837e-01 +9.7031e-02 -6.9885e-01 +3.2694e-01 +6.4436e-02 -1.2419e-01 +2.2566e-02 +4.0471e-01 +4.4810e-01 +1.5997e-01 +7.2174e-01
9 +5.979383824e+06 +5.979383824e+06 +5.979378124e+06 +5.979378124e+06 +6.5022e-01 -3.6470e-01 +2.5694e-01 -7.6843e-02 -1.3851e-01 -5.4405e-02 +2.1598e-01 +7.8690e-01 +4.8744e-01 -1.6246e-03 -3.4048e-01 -3.4796e-01 -1.0126e-01 +2.4176e-01 -2.2864e-02 -6.6058e-01 +3.3487e-01 -8.7379e-01 -3.9123e-01 +3.4564e-01
