% function evaluation | noise-free fitness - Fopt (-4.620900000000e+02) | best noise-free fitness - Fopt | measured fitness | best measured fitness | x1 | x2...
1 +7.190897874e+02 +7.190897874e+02 +2.569997874e+02 +2.569997874e+02 -5.2395e-01 -2.6818e-01 -8.6192e-01 -6.7901e-01 -5.2520e-01 -4.9698e-02 -1.5040e-01 -2.1092e-01 +1.4197e-01 -4.9726e-01 +4.4408e-01 +3.5601e-01 -3.6748e-01 +9.4704e-01 -5.0191e-02 -5.7810e-01 +5.9738e-01 -2.3907e-01 -4.1053e-02 +2.2078e-01
6 +5.809588374e+02 +5.809588374e+02 +1.188688374e+02 +1.188688374e+02 -2.1142e-01 -6.1745e-01 +4.7513e-01 -9.1745e-01 +8.3578e-01 +3.4848e-01 +2.7864e-01 +7.8510e-02 +7.9203e-01 -6.2731e-01 +3.7247e-02 +3.3335e-01 -6.2820e-02 -3.5951e-01 -6.6103e-01 -2.2385e-01 -1.1693e-01 +2.1392e-01 +5.1607e-01 +6.9446e-02
% function evaluation | noise-free fitness - Fopt (7.766000000000e+01) | best noise-free fitness - Fopt | measured fitness | best measured fitness | x1 | x2...
1 +5.952758849e+02 +5.952758849e+02 +6.729358849e+02 +6.729358849e+02 -4.1208e-01 +2.4743e-01 -3.2113e-01 -5.6523e-03 -1.7048e-01 +2.7640e-01 +3.3969e-01 +1.5761e-01 -5.8469e-03 +2.8441e-01 +7.3519e-01 -5.9178e-01 +6.6429e-01 -8.2859e-03 +5.0217e-01 +6.2155e-01 -4.1551e-01 -7.1683e-01 +4.4499e-02 +3.7483e-02
% function evaluation | noise-free fitness - Fopt (1.156800000000e+02) | best noise-free fitness - Fopt | measured fitness | best measured fitness | x1 | x2...
1 +7.208558024e+02 +7.208558024e+02 +8.365358024e+02 +8.365358024e+02 -4.3832e-02 +4.5578e-01 +1.6680e-02 +1.7580e-01 +3.1453e-01 -5.5581e-01 +7.4894e-01 +4.3730e-01 -1.6607e-01 -2.1166e-01 -3.0983e-01 +8.7169e-02 -5.9557e-01 -2.6120e-01 +2.0186e-01 -2.6375e-01 +2.8429e-01 -5.1098e-01 +3.9094e-01 +1.8444e-01
9 +6.126245863e+02 +6.126245863e+02 +7.283045863e+02 +7.283045863e+02 -4.7710e-01 -8.0297e-02 -2.4849e-01 +3.0365e-01 -8.0689e-02 +4.1707e-01 +7.7526e-01 -2.6149e-01 -1.8562e-01 -1.4277e-01 -4.8045e-01 +9.4963e-02 +3.5943e-01 +4.9418e-01 +4.7421e-01 -2.6460e-01 -3.3003e-01 +6.0020e-01 +2.7225e-01 +4.0177e-01
% function evaluation | noise-free fitness - Fopt (-3.710000000000e+00) | best noise-free fitness - Fopt | measured fitness | best measured fitness | x1 | x2...
1 +7.976574396e+02 +7.976574396e+02 +7.939474396e+02 +7.939474396e+02 +2.8164e-01 -8.2606e-01 +6.7198e-01 -4.3055e-01 +1.4959e-01 -1.4306e-01 +1.4150e-01 +8.2500e-02 -5.0367e-01 -4.3964e-01 +1.0313e-01 +4.6109e-01 +3.7946e-01 -1.2263e-01 +1.8664e-01 +1.2797e-01 -9.0701e-01 +4.4303e-01 -4.8887e-01 +4.2028e-01
26 +6.220121157e+02 +6.220121157e+02 +6.183021157e+02 +6.183021157e+02 -3.6811e-02 -9.5688e-02 -7.6246e-02 +2.5626e-01 -7.8874e-02 +8.1674e-01 -2.2022e-01 -3.2383e-01 +4.1675e-01 -2.9062e-01 -1.1480e-02 -4.6143e-01 +2.8517e-01 -2.5512e-01 +1.6265e-01 -6.4407e-02 +6.7108e-01 +4.1245e-01 +1.5422e-01 -3.1660e-01
% function evaluation | noise-free fitness - Fopt (1.321800000000e+02) | best noise-free fitness - Fopt | measured fitness | best measured fitness | x1 | x2...
1 +6.421694158e+02 +6.421694158e+02 +7.743494158e+02 +7.743494158e+02 +2.4826e-01 -5.6510e-01 +5.9816e-01 -4.9180e-01 -3.7469e-01 -4.1532e-01 +3.3911e-01 +4.7926e-01 +4.3557e-01 -1.1621e-01 +1.4014e-01 -2.3487e-01 +3.2628e-01 +6.1450e-02 +3.5949e-01 -4.1744e-01 +2.0011e-01 -6.4991e-01 -2.1332e-01 +5.6345e-01
2 +6.157009359e+02 +6.157009359e+02 +7.478809359e+02 +7.478809359e+02 -3.6348e-02 -4.4037e-01 -2.2573e-01 -3.1431e-01 +1.9857e-01 +1.0692e-01 -2.2473e-01 +1.8497e-01 -4.4834e-01 +1.3432e-01 +1.2326e-01 +8.8829e-01 +3.6738e-02 -3.0218e-01 -3.8636e-01 -2.4902e-01 +4.0046e-01 -3.7564e-01 +3.4954e-01 -3.4895e-01
% function evaluation | noise-free fitness - Fopt (-4.174000000000e+01) | best noise-free fitness - Fopt | measured fitness | best measured fitness | x1 | x2...
1 +8.585986411e+02 +8.585986411e+02 +8.168586411e+02 +8.168586411e+02 -2.5293e-01 +9.0268e-02 -2.5624e-01 -2.4775e-01 +5.6628e-01 +4.6414e-01 +5.0666e-02 -8.0574e-02 +2.4917e-01 -4.2399e-01 -8.3221e-02 -6.2761e-01 -2.5782e-01 -1.6436e-01 -7.4351e-01 -4.8941e-01 +2.8283e-01 -5.5563e-01 -5.3057e-01 +1.5120e-02
18 +5.866228793e+02 +5.866228793e+02 +5.448828793e+02 +5.448828793e+02 -4.4673e-01 +1.5122e-01 +1.2250e-02 +8.0688e-02 +9.2901e-02 -2.5473e-01 -2.8262e-01 -4.5802e-01 -1.6900e-01 -4.8304e-02 -3.8822e-01 +4.0516e-02 +7.9401e-03 -3.5996e-01 +7.6751e-02 +6.6661e-02 -4.4094e-01 +5.7592e-01 +8.3478e-01 +8.3395e-01
% function evaluation | noise-free fitness - Fopt (-4.948600000000e+02) | best noise-free fitness - Fopt | measured fitness | best measured fitness | x1 | x2...
1 +7.173681207e+02 +7.173681207e+02 +2.225081207e+02 +2.225081207e+02 -5.3163e-01 -5.0471e-01 +5.4581e-01 -2.2993e-01 -1.2163e-02 +3.2718e-01 -6.4817e-01 +8.0929e-02 +5.9536e-02 +3.3410e-01 +3.7896e-02 +6.5003e-02 -2.0983e-01 +6.3866e-01 +5.7516e-02 -6.4484e-01 +4.2410e-01 -2.2876e-01 -5.1848e-01 +5.0068e-03
3 +5.851198276e+02 +5.851198276e+02 +9.025982759e+01 +9.025982759e+01 +4.0438e-01 +6.2924e-01 +1.9147e-01 +8.2416e-01 +1.8010e-01 -2.4660e-01 +1.6005e-01 +1.3483e-01 +9.3206e-01 +1.2806e-01 -8.1864e-02 -4.3984e-01 -8.0490e-01 -6.9785e-01 +8.2621e-01 -2.7048e-01 -5.7977e-01 +1.2978e-01 +6.5207e-01 +5.9985e-01
% function evaluation | noise-free fitness - Fopt (3.484000000000e+02) | best noise-free fitness - Fopt | measured fitness | best measured fitness | x1 | x2...
1 +7.427087510e+02 +7.427087510e+02 +1.091108751e+03 +1.091108751e+03 -2.2391e-01 +5.4819e-02 -7.3461e-01 -1.8834e-01 +1.3688e-01 +1.0921e-01 -2.9994e-02 +4.0837e-03 -1.5733e-01 -1.7857e-01 -1.4008e-01 +5.3832e-02 +1.0148e-01 -2.8152e-01 -1.7825e-01 -4.3457e-02 +1.7935e-02 +5.7145e-02 -6.4949e-01 -3.7923e-02
6 +6.292114124e+02 +6.292114124e+02 +9.776114124e+02 +9.776114124e+02 +4.1871e-01 +3.8424e-01 +6.1969e-01 -7.0187e-02 +1.5275e-01 +9.7734e-02 +8.4897e-02 +1.5432e-01 +5.6437e-01 -7.8423e-02 -1.7006e-01 -9.1655e-02 -3.8100e-01 -3.3499e-01 -4.7648e-01 -1.8096e-01 +4.2923e-01 +2.9260e-01 -1.7794e-01 -1.8950e-01
% function evaluation | noise-free fitness - Fopt (3.770000000000e+00) | best noise-free fitness - Fopt | measured fitness | best measured fitness | x1 | x2...
1 +6.208933244e+02 +6.208933244e+02 +6.246633244e+02 +6.246633244e+02 -3.3452e-01 +6.9809e-02 +6.1526e-01 +5.2407e-01 +1.3159e-01 +5.3482e-01 -1.2170e-01 -4.5603e-01 -9.0832e-02 -4.2798e-01 +3.8966e-02 +2.2465e-01 -4.9820e-01 -3.9207e-01 -1.0833e-02 +3.7822e-02 -5.6615e-01 +7.7737e-02 -7.1110e-02 -1.6328e-01
% function evaluation | noise-free fitness - Fopt (3.770000000000e+01) | best noise-free fitness - Fopt | measured fitness | best measured fitness | x1 | x2...
1 +6.235662635e+02 +6.235662635e+02 +6.612662635e+02 +6.612662635e+02 -1.6043e-01 +3.7625e-01 -1.1633e-02 +2.2182e-01 -7.6107e-02 +8.1235e-02 -2.0374e-01 +2.9504e-01 -2.0416e-01 -3.2529e-01 -4.0367e-01 +8.5912e-02 +1.5514e-01 -2.3837e-01 +3.7884e-02 +2.4167e-01 -1.3245e-01 +7.6741e-01 -3.3002e-01 +2.0157e-01
% function evaluation | noise-free fitness - Fopt (6.956900000000e+02) | best noise-free fitness - Fopt | measured fitness | best measured fitness | x1 | x2...
1 +6.813102200e+02 +6.813102200e+02 +1.377000220e+03 +1.377000220e+03 -5.0683e-01 -7.8296e-03 +3.3007e-01 -7.1933e-02 +7.1256e-01 +5.7012e-01 -1.7967e-01 -1.9586e-02 -7.9270e-01 +2.7802e-01 +7.3623e-01 +6.9743e-01 +4.4654e-01 -6.5436e-02 +1.5090e-02 +6.1262e-02 +6.4977e-01 -6.5596e-01 +1.8491e-01 +1.0745e-01
2 +5.829827340e+02 +5.829827340e+02 +1.278672734e+03 +1.278672734e+03 +4.6613e-01 -1.4393e-01 +4.3910e-01 +2.7420e-01 +2.5444e-02 -2.4969e-01 -5.0072e-01 +1.2859e-01 +7.4581e-01 -1.3400e-01 +4.7113e-01 -5.1429e-01 +4.2718e-01 +7.2402e-01 -5.5798e-02 -4.4904e-01 -4.5212e-01 +4.6240e-01 +6.3067e-01 +1.4889e-01
% function evaluation | noise-free fitness - Fopt (-1.180300000000e+02) | best noise-free fitness - Fopt | measured fitness | best measured fitness | x1 | x2...
1 +6.173304672e+02 +6.173304672e+02 +4.993004672e+02 +4.993004672e+02 +1.3998e-01 -2.1607e-01 -6.3577e-01 -8.0443e-01 -3.0583e-01 -2.1698e-01 +1.6755e-02 -3.9884e-01 +2.9566e-01 +8.1670e-02 -1.1404e-01 -1.3023e-01 +1.2051e-02 -1.6807e-02 -4.4712e-01 -1.9127e-01 -4.1297e-02 +6.3954e-03 +5.5279e-01 -4.8968e-01
% function evaluation | noise-free fitness - Fopt (4.816000000000e+01) | best noise-free fitness - Fopt | measured fitness | best measured fitness | x1 | x2...
1 +5.388656080e+02 +5.388656080e+02 +5.870256080e+02 +5.870256080e+02 +2.0266e-01 +1.0217e-02 -3.8278e-01 -1.5875e-02 -8.6215e-01 -8.3194e-01 -2.7882e-01 -5.9563e-01 +3.5859e-01 -9.2672e-01 -6.1932e-01 -5.3316e-02 +3.0287e-01 -2.4762e-01 -8.3844e-02 +2.2701e-01 -3.3731e-01 +1.4657e-01 -5.7798e-01 +2.8446e-01
6 +3.896071750e+02 +3.896071750e+02 +4.377671750e+02 +4.377671750e+02 +2.4042e-01 -1.7560e-01 -1.2124e-01 +1.9761e-01 -2.7516e-01 +4.7058e-01 +5.3250e-01 -1.4753e-01 +1.8794e-01 +2.1130e-01 +1.6211e-01 +4.3392e-01 +1.2043e-01 -6.0451e-03 +6.3295e-01 +3.2316e-01 -3.2968e-01 +1.9895e-01 +6.2940e-02 -2.7214e-01
% function evaluation | noise-free fitness - Fopt (8.384000000000e+01) | best noise-free fitness - Fopt | measured fitness | best measured fitness | x1 | x2...
1 +7.014349018e+02 +7.014349018e+02 +7.852749018e+02 +7.852749018e+02 -6.1437e-01 -8.4358e-01 +7.2814e-01 -6.6945e-01 +4.3931e-01 -1.7967e-01 -2.0752e-01 -1.3166e-01 -8.5088e-01 +1.7668e-01 +2.9031e-01 -3.8832e-01 +8.4191e-02 +1.8889e-01 +1.5809e-01 +1.8116e-01 -5.4490e-01 -4.3809e-01 +5.1555e-01 +2.5096e-01
3 +6.229473445e+02 +6.229473445e+02 +7.067873445e+02 +7.067873445e+02 -3.1636e-01 +3.9663e-01 +3.9697e-02 -7.8257e-01 +7.1397e-01 +3.7547e-02 -5.9906e-01 -3.2410e-01 +6.2906e-01 +2.0248e-01 +8.6238e-01 +9.6269e-02 +8.5872e-01 -1.0794e-01 -2.8245e-03 -6.3717e-03 +6.5458e-01 +5.7300e-01 -1.7189e-01 +4.6757e-01
% function evaluation | noise-free fitness - Fopt (1.536000000000e+01) | best noise-free fitness - Fopt | measured fitness | best measured fitness | x1 | x2...
1 +7.660673083e+02 +7.660673083e+02 +7.814273083e+02 +7.814273083e+02 +2.0130e-01 -5.9100e-02 +1.0870e-01 +7.5127e-01 -4.5196e-01 +3.3689e-02 +1.1557e-01 -3.6528e-01 +3.5192e-01 -1.8665e-01 +2.4473e-01 -7.9352e-03 +1.4891e-03 +2.1461e-01 +2.2930e-01 -3.0693e-01 +8.7475e-02 +1.3144e-01 +1.5902e-01 +5.6776e-01
7 +6.299907275e+02 +6.299907275e+02 +6.453507275e+02 +6.453507275e+02 +7.0029e-01 -6.7626e-01 -4.5007e-02 -5.7208e-01 +3.7218e-01 -2.8132e-01 +6.3711e-01 -2.7062e-01 -1.2489e-01 +5.2404e-01 +2.8957e-01 +6.3068e-01 +7.9997e-01 +4.6261e-02 +6.2585e-01 -7.9149e-01 -1.5116e-01 +2.9086e-01 +8.2055e-01 -6.1242e-01
