% function evaluation | noise-free fitness - Fopt (-1.694000000000e+01) | best noise-free fitness - Fopt | measured fitness | best measured fitness | x1 | x2...
1 +2.310725571e+02 +2.310725571e+02 +2.141325571e+02 +2.141325571e+02 -2.6795e-01 -1.1742e-01 +2.2745e-01 -2.8397e-01 +5.3563e-01 -9.6452e-02 +1.5778e-01 -2.1199e-01 +3.4525e-01 +5.3122e-01 -6.2366e-01 +3.2382e-01 +1.7578e-01 +3.0281e-02 -7.7442e-01 +4.6440e-01 +1.4631e-01 -2.0530e-01 -4.9323e-01 -3.6563e-01
9 +1.459618425e+02 +1.459618425e+02 +1.290218425e+02 +1.290218425e+02 +5.9961e-01 +1.8735e-01 -1.2827e-01 -1.7482e-01 +4.8823e-02 +3.4350e-02 -2.1813e-02 -4.7286e-02 +6.5949e-01 -4.2872e-02 -4.8997e-02 +6.0772e-01 +4.4782e-02 +1.4893e-01 +1.7520e-01 +5.2812e-01 +9.5527e-01 -3.0298e-01 +4.1471e-01 -4.8387e-01
% function evaluation | noise-free fitness - Fopt (1.881000000000e+01) | best noise-free fitness - Fopt | measured fitness | best measured fitness | x1 | x2...
1 +4.738127132e+01 +4.738127132e+01 +6.619127132e+01 +6.619127132e+01 +3.5761e-01 -7.9714e-02 +2.1935e-01 -1.3710e-01 +2.5192e-01 -8.6936e-01 +9.6218e-02 +1.2081e-01 +7.7713e-01 -3.2283e-01 -8.4238e-01 -6.2823e-01 -4.8894e-02 -7.2760e-02 -3.1851e-01 +7.1225e-01 -2.4637e-01 +3.9070e-01 +3.2069e-01 +7.0407e-01
% function evaluation | noise-free fitness - Fopt (2.731500000000e+02) | best noise-free fitness - Fopt | measured fitness | best measured fitness | x1 | x2...
1 +1.589695381e+02 +1.589695381e+02 +4.321195381e+02 +4.321195381e+02 -3.9777e-01 +2.8563e-01 -4.7979e-01 +7.8987e-01 -5.8148e-02 +5.8053e-02 +2.1732e-02 +4.1788e-01 -6.3556e-02 -1.1813e-01 -1.8331e-01 +2.4155e-01 -6.2415e-01 -2.3818e-01 +1.5767e-01 -2.7642e-02 +6.6159e-01 -2.3620e-01 -3.0983e-01 +4.5732e-01
11 +1.442863794e+02 +1.442863794e+02 +4.174363794e+02 +4.174363794e+02 +1.0888e-01 +2.2569e-01 -6.7279e-01 +5.1556e-02 +4.3385e-01 -8.9315e-02 -1.0805e-01 -6.2771e-01 +7.3449e-02 +2.5670e-01 -1.9998e-01 +4.5362e-01 +2.9801e-01 +1.3760e-01 -4.5265e-01 -8.9308e-01 -5.6540e-01 +2.7695e-01 -7.0049e-01 -5.8630e-01
% function evaluation | noise-free fitness - Fopt (3.718000000000e+01) | best noise-free fitness - Fopt | measured fitness | best measured fitness | x1 | x2...
1 +6.431367159e+01 +6.431367159e+01 +1.014936716e+02 +1.014936716e+02 -3.9901e-01 -1.2325e-01 -5.6552e-01 +1.4807e-01 -8.7190e-03 +9.5217e-01 +3.9915e-01 +4.4419e-01 +3.1864e-01 +5.9503e-01 -6.7435e-02 +4.5000e-01 +2.6683e-01 -4.9311e-01 -6.9279e-01 -8.2604e-01 +3.0639e-01 +7.3372e-02 -6.4483e-01 -4.8993e-01
2 +4.143072437e+01 +4.143072437e+01 +7.861072437e+01 +7.861072437e+01 -2.8439e-01 +2.9161e-01 -7.0988e-02 +6.3093e-02 -9.5440e-02 -2.6816e-02 -1.8115e-01 +2.5788e-01 +5.4352e-01 +3.5338e-01 -1.0132e-01 -1.9830e-01 -1.4721e-02 +3.8091e-01 -1.2186e-01 +6.6328e-02 -2.0217e-01 +6.3974e-01 +4.6499e-01 +7.2469e-01
9 +3.562907464e+01 +3.562907464e+01 +7.280907464e+01 +7.280907464e+01 +1.8950e-01 +2.8172e-01 -9.5343e-02 -9.2258e-01 +1.8344e-01 +6.3493e-01 -7.6681e-01 +5.3253e-01 -1.5900e-01 -1.1895e-01 +4.7567e-01 +5.4109e-01 -6.3232e-01 +5.9428e-01 +3.7710e-02 -4.0141e-01 +1.8662e-01 +4.3116e-01 -6.7149e-01 -4.5433e-01
% function evaluation | noise-free fitness - Fopt (-1.479000000000e+02) | best noise-free fitness - Fopt | measured fitness | best measured fitness | x1 | x2...
1 +4.583081237e+01 +4.583081237e+01 -1.020691876e+02 -1.020691876e+02 -2.7412e-02 +4.8507e-01 +1.8794e-01 +1.4197e-01 +1.4329e-01 -5.6551e-01 +4.0330e-02 -6.3277e-01 +1.6138e-01 +2.3877e-01 -4.8824e-01 +5.4465e-01 -1.4374e-01 +3.7182e-03 -4.4033e-01 -2.6093e-01 -1.7922e-01 -3.0097e-01 -1.8054e-01 +2.0876e-01
8 +3.965657435e+01 +3.965657435e+01 -1.082434256e+02 -1.082434256e+02 -2.2767e-02 -3.0613e-02 -2.5864e-01 -7.2021e-01 -1.8907e-01 -1.6103e-01 +2.3245e-01 -2.2176e-01 +4.0483e-02 +6.6677e-01 -2.2132e-01 -4.9934e-02 -4.3239e-01 +1.4277e-02 -7.7678e-02 +3.8772e-01 +7.7033e-02 +2.0865e-02 -1.2052e-01 +7.6556e-01
% function evaluation | noise-free fitness - Fopt (1.162600000000e+02) | best noise-free fitness - Fopt | measured fitness | best measured fitness | x1 | x2...
1 +4.487555181e+01 +4.487555181e+01 +1.611355518e+02 +1.611355518e+02 +5.9790e-02 +6.7843e-01 +8.2737e-01 +6.0876e-01 +2.7293e-01 -1.2854e-01 -2.4461e-01 +4.6920e-01 +1.6419e-02 -2.2663e-03 -4.2997e-02 +1.7067e-03 +3.5183e-01 +2.5193e-01 +3.6553e-01 +4.4509e-01 +1.9572e-01 +6.6233e-01 +3.7867e-01 +5.0959e-01
% function evaluation | noise-free fitness - Fopt (-1.000000000000e+03) | best noise-free fitness - Fopt | measured fitness | best measured fitness | x1 | x2...
1 +5.180148200e+01 +5.180148200e+01 -9.481985180e+02 -9.481985180e+02 -2.8682e-01 -2.2892e-02 -8.0598e-01 -1.4640e-01 -3.0961e-03 -1.2076e-01 -6.9954e-01 -1.2169e-01 -8.8757e-01 +7.1803e-01 -1.3927e-02 -1.8862e-01 -1.4251e-01 -1.9145e-01 -1.2060e-01 +1.7681e-01 -3.6820e-02 -4.2014e-01 +3.2672e-01 -7.1631e-02
33 +3.758228343e+01 +3.758228343e+01 -9.624177166e+02 -9.624177166e+02 +3.5823e-01 -8.0112e-01 -1.7331e-01 -1.6329e-01 -2.7313e-01 -1.0563e-01 +4.4771e-01 -1.4453e-01 -1.7535e-01 -8.9481e-01 +6.7475e-01 -1.3085e-01 +7.6101e-01 +1.0145e-01 -5.4946e-01 +1.2936e-01 -8.9570e-01 +1.0485e-02 -2.4035e-01 +4.5650e-01
% function evaluation | noise-free fitness - Fopt (-9.193000000000e+01) | best noise-free fitness - Fopt | measured fitness | best measured fitness | x1 | x2...
1 +1.562054846e+02 +1.562054846e+02 +6.427548457e+01 +6.427548457e+01 -3.2068e-01 +3.9947e-01 +6.9197e-01 -6.0136e-01 -1.5130e-01 -6.1901e-01 +1.4047e-01 -3.1681e-01 -8.2570e-01 +3.5432e-01 -6.5301e-01 +2.8989e-02 +1.9653e-01 +1.3634e-01 +3.0794e-01 +4.1140e-01 -2.3254e-01 +1.6754e-01 +5.2616e-01 +3.0915e-02
5 +8.888738267e+01 +8.888738267e+01 -3.042617328e+00 -3.042617328e+00 +8.9956e-01 +2.9305e-01 -8.9251e-01 +2.0956e-01 -1.6846e-01 -4.4639e-01 +2.8423e-01 +1.3672e-01 -3.9437e-02 -2.5537e-01 -1.5552e-01 +5.5237e-01 +3.5672e-01 -3.6871e-01 -3.6614e-01 -3.6619e-01 -3.4229e-01 -4.5384e-01 -5.6589e-01 -4.5766e-02
% function evaluation | noise-free fitness - Fopt (1.487500000000e+02) | best noise-free fitness - Fopt | measured fitness | best measured fitness | x1 | x2...
1 +6.029208455e+01 +6.029208455e+01 +2.090420846e+02 +2.090420846e+02 +1.3304e-01 -2.2098e-01 +3.9447e-01 -2.9571e-01 -7.0038e-01 +3.7235e-01 -2.8049e-01 +5.1488e-01 -6.7077e-01 -6.9530e-02 +6.9086e-01 +2.4067e-02 +1.0095e-01 -4.6469e-02 -3.4869e-01 +7.8368e-02 +3.8203e-01 -2.8960e-01 -4.1517e-01 +2.2080e-01
% function evaluation | noise-free fitness - Fopt (-1.483000000000e+02) | best noise-free fitness - Fopt | measured fitness | best measured fitness | x1 | x2...
1 +5.199731155e+01 +5.199731155e+01 -9.630268845e+01 -9.630268845e+01 -2.3446e-01 -3.8358e-01 -7.1544e-01 +2.6752e-01 +6.8626e-01 +5.8133e-01 -1.9178e-04 -1.4753e-01 -1.6200e-01 +2.5028e-01 -4.2590e-01 -3.2381e-01 +2.2872e-01 -2.4533e-01 +2.2456e-01 +2.0574e-01 -2.1577e-01 -6.6117e-01 -8.8653e-01 -3.4962e-01
% function evaluation | noise-free fitness - Fopt (1.702000000000e+01) | best noise-free fitness - Fopt | measured fitness | best measured fitness | x1 | x2...
1 +9.627137021e+01 +9.627137021e+01 +1.132913702e+02 +1.132913702e+02 +3.8827e-01 +4.4732e-01 +5.4438e-02 -1.2043e-01 -1.5502e-01 -3.4837e-01 +3.4778e-01 -4.2486e-01 -2.0835e-01 +4.0359e-01 -5.0744e-01 +2.1732e-01 -9.4407e-02 -3.9980e-01 +3.5312e-02 -2.8401e-01 -6.4428e-01 -8.3374e-01 +5.3928e-01 +3.4617e-02
13 +4.683547866e+01 +4.683547866e+01 +6.385547866e+01 +6.385547866e+01 +1.3765e-01 -2.0495e-01 -2.7316e-02 -6.6061e-01 +5.0836e-01 -6.8754e-02 -2.9817e-02 +6.5721e-01 -6.2387e-01 -1.8367e-01 +5.8123e-01 +6.3749e-02 +1.5916e-01 -7.7816e-01 -4.2919e-01 -2.9035e-01 +2.8061e-01 +1.4914e-01 +4.4264e-01 +4.2516e-01
% function evaluation | noise-free fitness - Fopt (-2.202000000000e+02) | best noise-free fitness - Fopt | measured fitness | best measured fitness | x1 | x2...
1 +6.655407424e+01 +6.655407424e+01 -1.536459258e+02 -1.536459258e+02 -4.1899e-01 -2.6913e-01 -5.2459e-01 +4.7684e-01 -1.7718e-01 -9.2335e-01 +2.5786e-01 -5.5941e-01 +1.8265e-01 +7.1586e-01 +4.5053e-01 -4.1590e-02 +6.6090e-01 -2.0188e-01 +1.0122e-01 -4.8000e-01 +3.3279e-01 +3.1985e-01 +1.2824e-01 +5.7899e-01
3 +5.682321606e+01 +5.682321606e+01 -1.633767839e+02 -1.633767839e+02 -6.9179e-01 -1.1993e-03 -6.1475e-01 +2.0248e-01 +2.5815e-01 +5.5720e-01 -5.9831e-01 -3.5075e-01 -8.0062e-02 -5.4866e-02 -1.4624e-01 -2.3784e-01 -2.7578e-01 +4.3027e-01 -8.3901e-02 +2.2991e-01 +1.5418e-01 +7.1408e-01 -2.7653e-01 -2.0387e-01
38 +3.747057533e+01 +3.747057533e+01 -1.827294247e+02 -1.827294247e+02 +3.5080e-04 +4.7956e-01 +3.1062e-02 -7.4385e-01 -3.0752e-01 -3.3711e-01 +6.5676e-01 -3.2498e-01 -5.5413e-01 -9.6051e-01 +1.3822e-01 +3.9030e-01 +5.9992e-01 +7.1358e-02 -3.0958e-01 +1.2839e-01 +1.0347e-01 +5.1773e-01 -5.3469e-01 -8.4640e-02
% function evaluation | noise-free fitness - Fopt (-2.041000000000e+01) | best noise-free fitness - Fopt | measured fitness | best measured fitness | x1 | x2...
1 +4.826507017e+01 +4.826507017e+01 +2.785507017e+01 +2.785507017e+01 -5.7325e-01 +4.3244e-01 -7.6795e-01 +1.5941e-01 -7.6501e-01 -2.0678e-01 -8.7392e-02 -5.6912e-01 -1.8159e-01 +4.1130e-02 -2.3913e-01 +6.6400e-01 +1.2016e-01 -6.3036e-01 +5.1198e-01 +8.7478e-02 -7.5070e-01 +5.3404e-01 +4.5267e-02 +3.3482e-01
% function evaluation | noise-free fitness - Fopt (6.081000000000e+01) | best noise-free fitness - Fopt | measured fitness | best measured fitness | x1 | x2...
1 +5.725715210e+01 +5.725715210e+01 +1.180671521e+02 +1.180671521e+02 -8.9502e-01 -3.2297e-02 +1.4912e-01 +4.7589e-01 -3.9810e-01 -2.5187e-02 -4.2057e-01 +4.8355e-01 -2.1626e-01 +1.8031e-01 -3.1200e-01 -1.2592e-01 -1.5747e-01 +6.6468e-01 +1.7735e-01 +4.9155e-01 +1.3006e-02 -5.1828e-01 +7.7112e-02 -3.0822e-02
% function evaluation | noise-free fitness - Fopt (-6.176300000000e+02) | best noise-free fitness - Fopt | measured fitness | best measured fitness | x1 | x2...
1 +1.048549904e+02 +1.048549904e+02 -5.127750096e+02 -5.127750096e+02 +3.6417e-01 -1.6022e-01 +4.1228e-01 -1.6045e-02 -2.5599e-01 +9.0642e-01 +7.1951e-02 +3.4060e-01 -5.6778e-01 -6.1858e-02 +2.9289e-01 -1.3526e-01 -6.6622e-01 -2.5127e-01 -3.0374e-01 +1.2110e-01 -3.8130e-01 -5.2258e-01 +2.4074e-01 -1.6552e-01
4 +8.522838182e+01 +8.522838182e+01 -5.324016182e+02 -5.324016182e+02 +1.3515e-01 +7.7099e-02 -1.8292e-01 +7.1531e-01 +6.2297e-02 +7.0530e-01 +5.5707e-01 +3.7574e-01 +5.4683e-01 +1.6570e-01 +2.5550e-01 +7.6587e-02 -3.1693e-01 +5.2580e-01 -7.6756e-01 -1.6984e-01 +6.0850e-01 -5.8532e-01 +1.7498e-01 +4.5942e-01
20 +6.265251630e+01 +6.265251630e+01 -5.549774837e+02 -5.549774837e+02 -2.7801e-01 -3.0284e-01 -2.3537e-01 -2.5141e-01 -4.8250e-01 -4.0849e-01 -6.3744e-02 -5.6295e-01 +3.2246e-01 -1.9634e-01 +9.5213e-02 -6.6180e-01 -8.1090e-01 +2.7011e-01 -5.1954e-01 -6.0330e-01 -4.2615e-01 -6.9747e-01 -3.9884e-02 +7.0415e-02
