% function evaluation | noise-free fitness - Fopt (-5.494000000000e+01) | best noise-free fitness - Fopt | measured fitness | best measured fitness | x1 | x2...
1 +5.829121395e+06 +5.829121395e+06 +5.829066455e+06 +5.829066455e+06 -1.4513e-02 -3.6565e-01 +5.7439e-01 -2.4150e-01 -1.7941e-02 +2.7259e-02 -6.3745e-01 +8.0387e-01 +2.5329e-01 -6.4646e-01 -5.3173e-01 +2.9583e-02 -4.2763e-01 -3.4094e-01 -2.7358e-01 +3.6700e-01 -2.2116e-01 -4.6085e-01 -6.8455e-01 -1.6590e-01
20 +3.497047338e+06 +3.497047338e+06 +3.496992398e+06 +3.496992398e+06 +1.1142e-01 -8.5180e-01 +1.2965e-02 -3.4423e-01 +2.8296e-01 -1.2403e-01 +4.0033e-01 -4.5821e-01 -1.0044e-01 -3.1994e-01 +2.9971e-02 -4.3874e-01 +6.2526e-02 -5.1510e-02 +1.3168e-01 +5.4502e-01 -2.8943e-01 +1.2526e-01 -2.2107e-01 +1.7047e-01
% function evaluation | noise-free fitness - Fopt (5.913000000000e+01) | best noise-free fitness - Fopt | measured fitness | best measured fitness | x1 | x2...
1 +3.067329988e+06 +3.067329988e+06 +3.067389118e+06 +3.067389118e+06 +2.5522e-01 +1.9191e-02 -3.5487e-01 +2.6197e-01 +8.3896e-01 +6.0112e-01 -5.9112e-01 -3.8215e-01 -1.6326e-01 +5.9896e-01 -5.0306e-01 -8.2556e-02 +1.4994e-01 -8.1083e-01 +7.5667e-01 -4.5674e-01 -8.3606e-02 +7.1120e-01 -5.2746e-01 -2.4357e-01
3 +2.161104132e+06 +2.161104132e+06 +2.161163262e+06 +2.161163262e+06 -1.4489e-01 +1.2145e-01 +7.3001e-01 -2.3953e-01 -2.7944e-01 -5.7434e-01 +1.4531e-01 +6.9675e-01 +2.1265e-02 +3.7581e-01 +6.8594e-02 +5.0094e-01 +3.5853e-01 -2.9042e-01 +4.7622e-01 -4.1514e-01 +7.8129e-01 -2.9535e-01 +8.0989e-01 -5.1469e-02
% function evaluation | noise-free fitness - Fopt (-4.915300000000e+02) | best noise-free fitness - Fopt | measured fitness | best measured fitness | x1 | x2...
1 +2.389782763e+06 +2.389782763e+06 +2.389291233e+06 +2.389291233e+06 +4.4285e-02 +8.5798e-01 +5.5095e-01 +4.7854e-01 +4.5064e-01 +3.3670e-01 +6.8731e-01 +3.5150e-03 -8.4333e-02 +1.0299e-01 -5.8112e-02 +6.3860e-01 -6.2103e-01 +5.8748e-01 -1.2126e-01 +2.2993e-01 +2.0107e-01 -4.4892e-02 +2.9217e-02 -6.9264e-01
4 +1.200755120e+06 +1.200755120e+06 +1.200263590e+06 +1.200263590e+06 -1.0415e-01 +6.2194e-01 -7.1059e-01 -3.4421e-01 +2.8766e-01 +2.0237e-01 +3.9827e-01 -4.9702e-01 -3.5635e-01 +3.7422e-02 +6.7752e-01 -8.1505e-01 +1.1924e-01 -1.2020e-01 +2.4364e-01 -5.8953e-01 -6.2563e-01 +9.7887e-02 +2.9034e-01 -7.6526e-02
15 +8.709423084e+05 +8.709423084e+05 +8.704507784e+05 +8.704507784e+05 -6.3654e-01 +2.2427e-01 -5.0985e-02 +5.1190e-01 -3.5644e-02 -1.7608e-01 +3.8000e-01 -2.3946e-01 -2.5150e-01 +2.5593e-03 +5.7539e-01 +2.0980e-01 -9.3117e-02 +1.6268e-01 -3.4923e-02 -3.4859e-01 -2.5563e-01 +5.7834e-01 -2.5225e-01 +4.5014e-01
% function evaluation | noise-free fitness - Fopt (-1.702000000000e+02) | best noise-free fitness - Fopt | measured fitness | best measured fitness | x1 | x2...
1 +9.924010309e+06 +9.924010309e+06 +9.923840109e+06 +9.923840109e+06 +1.9568e-01 -3.7445e-01 +3.3538e-01 +2.4001e-01 +3.2120e-01 +8.5035e-02 +1.7769e-01 -1.8491e-01 -1.1626e-01 -5.7877e-01 -2.5291e-01 -3.7934e-01 -3.9157e-02 -6.7659e-01 -3.9257e-01 -1.8620e-01 -5.8257e-02 -5.0509e-01 +1.6261e-01 +5.4801e-03
% function evaluation | noise-free fitness - Fopt (-4.697500000000e+02) | best noise-free fitness - Fopt | measured fitness | best measured fitness | x1 | x2...
1 +8.353858839e+06 +8.353858839e+06 +8.353389089e+06 +8.353389089e+06 +4.5366e-01 -3.4084e-01 +7.6180e-01 +4.4266e-01 +2.4665e-01 +9.0461e-01 -4.9027e-01 +1.7526e-01 -1.8394e-01 +2.4688e-01 -5.8898e-01 +4.8568e-01 -2.8131e-02 +6.6013e-01 -5.6499e-01 -1.6394e-02 +2.2417e-01 +1.6126e-01 -7.2829e-01 +6.7339e-01
29 +5.507918480e+06 +5.507918480e+06 +5.507448730e+06 +5.507448730e+06 -6.3577e-01 -3.7284e-01 +6.9193e-01 -4.7738e-01 +1.3909e-01 -2.5148e-01 +4.5154e-01 -4.8349e-01 +3.4929e-01 +6.5483e-01 -7.0948e-01 +7.2239e-01 +9.6275e-01 -8.5283e-02 +7.4032e-02 +8.1528e-01 -3.3440e-01 +6.9044e-02 -4.3402e-01 -1.7131e-01
% function evaluation | noise-free fitness - Fopt (1.999100000000e+02) | best noise-free fitness - Fopt | measured fitness | best measured fitness | x1 | x2...
1 +1.413477174e+06 +1.413477174e+06 +1.413677084e+06 +1.413677084e+06 -3.6155e-01 -4.3002e-01 -1.0350e-01 +3.2304e-01 +5.0550e-01 +1.3219e-01 -7.8430e-02 -1.4787e-01 -2.2725e-01 -5.6666e-02 +2.6957e-01 -8.6130e-01 -1.7260e-01 +3.0620e-01 +1.0097e-01 -2.1726e-01 -4.9721e-01 -1.7847e-01 +1.9271e-01 -8.7497e-02
2 +9.472653805e+05 +9.472653805e+05 +9.474652905e+05 +9.474652905e+05 -4.0059e-02 -2.4805e-01 -3.4559e-01 +3.1082e-02 +4.9411e-02 +3.4949e-01 +3.3140e-02 +3.0926e-01 +4.2962e-01 -3.5106e-01 +3.0644e-01 -4.1186e-01 +3.0163e-01 -3.3678e-01 -3.7730e-01 -3.1009e-02 +8.1940e-02 -1.9289e-01 -7.1410e-03 +5.7783e-01
35 +5.999273712e+05 +5.999273712e+05 +6.001272812e+05 +6.001272812e+05 -1.2027e-01 -1.0070e-01 -8.3699e-02 -6.0857e-01 -7.4779e-01 +4.6721e-01 +1.9366e-01 -1.0418e-01 +5.5238e-01 +2.1943e-02 -3.7866e-01 -3.2859e-01 -2.6620e-01 -6.9909e-02 -5.9440e-01 -1.4547e-01 +2.1023e-01 +1.0229e-01 +5.7950e-01 +1.4980e-01
% function evaluation | noise-free fitness - Fopt (-4.296000000000e+02) | best noise-free fitness - Fopt | measured fitness | best measured fitness | x1 | x2...
1 +8.411746800e+06 +8.411746800e+06 +8.411317200e+06 +8.411317200e+06 +1.0739e-01 -1.2450e-01 +4.2225e-01 +1.8906e-01 +3.6187e-01 +1.2024e-01 -2.2297e-01 -6.1108e-02 +4.1206e-01 -2.4585e-01 -4.4036e-01 +7.0155e-02 -3.0093e-01 +6.0935e-01 +5.1228e-01 +1.6859e-01 +3.5153e-01 -1.7169e-01 -3.3745e-01 +1.3927e-01
2 +4.370121442e+06 +4.370121442e+06 +4.369691842e+06 +4.369691842e+06 -3.2553e-01 -6.3603e-02 -1.4102e-01 +1.2744e-01 +7.1195e-02 +4.0611e-01 +9.2328e-02 +1.8044e-01 -4.2867e-01 +2.9803e-01 -3.7981e-02 -5.9173e-01 +6.2528e-02 +4.1856e-01 +1.6183e-01 -6.4238e-02 +7.5884e-01 -7.9695e-02 +5.3059e-01 +8.6616e-01
8 +2.690458632e+06 +2.690458632e+06 +2.690029032e+06 +2.690029032e+06 +6.2684e-01 +5.4566e-01 -2.8440e-01 -1.1538e-01 -3.2676e-01 +4.2479e-02 +3.3408e-01 +7.3907e-01 +5.5977e-01 +1.7073e-01 -2.2838e-01 -6.4644e-01 +1.3554e-01 -6.8743e-01 -5.9096e-01 -1.5911e-01 -6.7290e-01 +2.9583e-01 +2.0635e-02 +3.9036e-01
% function evaluation | noise-free fitness - Fopt (1.000000000000e+03) | best noise-free fitness - Fopt | measured fitness | best measured fitness | x1 | x2...
1 +1.508493847e+07 +1.508493847e+07 +1.508593847e+07 +1.508593847e+07 +3.4391e-01 -3.0094e-01 -1.9783e-01 -9.0732e-02 -1.3385e-01 +3.7933e-01 -3.2727e-01 +1.4636e-02 +4.2702e-01 -3.9098e-01 -8.0578e-01 -8.2616e-02 +1.7257e-01 +4.6551e-01 +2.3262e-01 -8.5828e-02 -2.4077e-01 -2.4444e-01 -5.6324e-01 -1.6887e-01
4 +9.997324551e+06 +9.997324551e+06 +9.998324551e+06 +9.998324551e+06 -6.7438e-01 -2.6412e-02 +8.0570e-01 +5.9191e-01 +2.6174e-01 -5.6317e-01 -1.9368e-01 -2.7796e-01 +8.3161e-01 +4.4547e-01 -2.3440e-01 +8.2758e-02 -5.5951e-01 -1.8745e-01 +1.6071e-01 -6.7388e-01 -7.4499e-02 -4.8390e-01 -6.2192e-01 +3.3096e-01
% function evaluation | noise-free fitness - Fopt (1.951500000000e+02) | best noise-free fitness - Fopt | measured fitness | best measured fitness | x1 | x2...
1 +5.304094013e+06 +5.304094013e+06 +5.304289163e+06 +5.304289163e+06 +6.1688e-01 +2.5484e-01 +3.1906e-01 -6.4839e-01 +3.9607e-01 -1.1853e-01 +2.7790e-01 -4.4538e-01 -3.8638e-01 +8.2259e-02 -1.6259e-01 +4.8754e-01 +2.1874e-01 -2.4835e-01 -1.2981e-01 +6.5514e-01 +1.4712e-01 +1.0690e-02 -4.1534e-01 -4.3098e-01
7 +2.796841439e+06 +2.796841439e+06 +2.797036589e+06 +2.797036589e+06 +2.6040e-01 -1.9935e-01 +2.0725e-01 +1.9867e-01 +1.3778e-01 -1.5678e-01 +4.8043e-01 +7.1403e-01 +2.7704e-01 +6.1331e-01 -1.6857e-01 -4.7365e-01 +1.4135e-01 +7.2256e-01 +3.2456e-01 -5.2813e-02 +5.4307e-02 +1.8457e-01 -4.2566e-01 +5.8954e-01
14 +2.193071139e+06 +2.193071139e+06 +2.193266289e+06 +2.193266289e+06 -5.2731e-01 +3.1654e-01 +1.3796e-01 -1.5372e-01 +6.2965e-01 -5.2892e-01 -1.5471e-01 +1.7148e-01 -9.3800e-01 -5.4958e-01 -3.3029e-01 -2.7362e-01 +4.9522e-01 +3.3480e-01 -4.3749e-01 +7.3131e-02 -2.4804e-01 +7.1687e-01 +1.8833e-01 +1.7637e-01
21 +1.483600065e+06 +1.483600065e+06 +1.483795215e+06 +1.483795215e+06 -7.0206e-02 +2.5565e-01 +6.2369e-01 +7.5073e-01 -3.1788e-01 +1.1705e-01 +4.1637e-01 -2.0725e-01 -9.7617e-01 -7.5694e-01 +5.3489e-01 +1.5291e-01 +5.2604e-01 -4.6811e-01 -1.1866e-01 -6.6248e-01 -2.7986e-01 -5.6596e-01 +1.9476e-01 -3.3516e-01
% function evaluation | noise-free fitness - Fopt (-4.335000000000e+01) | best noise-free fitness - Fopt | measured fitness | best measured fitness | x1 | x2...
1 +2.661741069e+07 +2.661741069e+07 +2.661736734e+07 +2.661736734e+07 +3.7968e-01 -6.0329e-01 +2.0415e-01 -1.0478e-03 +5.8135e-01 +9.5566e-02 -1.4187e-01 +9.1577e-02 +1.0305e-01 +2.5217e-01 +9.0214e-01 -2.2228e-01 -5.2492e-01 +3.6659e-01 +2.8052e-01 -5.3931e-02 -5.0998e-01 -1.6211e-01 +6.7144e-01 -3.9465e-02
3 +2.341280945e+07 +2.341280945e+07 +2.341276610e+07 +2.341276610e+07 +8.6024e-01 +8.4232e-01 +1.0233e-01 +2.1926e-01 -3.9574e-01 +5.3284e-02 -1.0384e-01 -3.5922e-01 -7.6266e-01 -6.8682e-01 +7.0837e-02 -6.7788e-03 -7.3017e-02 +2.6062e-01 +3.9478e-01 -2.6529e-01 +1.4724e-01 +3.3063e-02 +1.2395e-01 -1.7496e-01
% function evaluation | noise-free fitness - Fopt (2.790900000000e+02) | best noise-free fitness - Fopt | measured fitness | best measured fitness | x1 | x2...
1 +1.364599871e+07 +1.364599871e+07 +1.364627780e+07 +1.364627780e+07 -2.4281e-01 -7.6118e-03 +5.2070e-02 +9.6132e-01 +4.0572e-01 +2.9860e-01 +7.9743e-01 +2.8789e-01 +6.8237e-01 +7.7325e-01 -4.7939e-01 +3.1004e-01 +1.5650e-01 +8.6820e-02 -7.5252e-01 +6.0287e-01 +3.7091e-01 +2.8531e-01 -3.8281e-01 -5.8404e-01
65 +9.702003232e+06 +9.702003232e+06 +9.702282322e+06 +9.702282322e+06 -5.2065e-01 +8.3877e-01 +3.4264e-01 +4.5322e-01 -1.6887e-01 -5.4739e-01 -1.1608e-01 +1.9585e-01 +6.8948e-01 -5.4418e-01 -5.0343e-01 -3.5408e-02 -3.1142e-01 +5.5078e-01 -1.1203e-01 +6.5700e-01 -2.0347e-01 +5.4852e-01 -6.2428e-01 -2.0192e-01
% function evaluation | noise-free fitness - Fopt (1.000000000000e+03) | best noise-free fitness - Fopt | measured fitness | best measured fitness | x1 | x2...
1 +4.326288152e+06 +4.326288152e+06 +4.327288152e+06 +4.327288152e+06 -7.0350e-01 +2.9725e-02 +2.6842e-01 -3.1885e-01 -8.8675e-02 -5.5579e-01 +1.1760e-01 +6.9813e-01 -3.0048e-01 -1.4416e-01 -9.4533e-02 +5.6898e-01 -9.0845e-01 +2.9331e-02 -1.7769e-01 -4.5597e-02 +2.5018e-02 +2.1181e-01 -3.6509e-01 -8.4535e-01
3 +2.743637109e+06 +2.743637109e+06 +2.744637109e+06 +2.744637109e+06 -7.4712e-02 +2.9780e-01 -1.7174e-01 -3.3514e-01 +2.4417e-01 -4.8989e-01 +4.1703e-01 -5.6026e-01 +7.2840e-01 +8.0119e-02 -4.2530e-01 -5.6136e-01 +7.3170e-01 -5.5678e-01 -4.3607e-01 +6.1721e-02 +2.1093e-01 -4.4928e-01 -5.9480e-01 +2.8176e-01
13 +2.074648332e+06 +2.074648332e+06 +2.075648332e+06 +2.075648332e+06 +2.0488e-01 -2.3040e-01 +1.4672e-01 -5.5450e-01 +3.2926e-01 -1.0328e-02 -7.1219e-01 +2.9177e-02 -7.1270e-01 +6.3840e-01 -2.3187e-01 +1.8287e-01 +1.0139e-01 +7.9126e-01 -2.0323e-01 -7.9588e-01 +2.0483e-01 +2.1793e-02 -5.9610e-01 -6.0303e-01
% function evaluation | noise-free fitness - Fopt (-1.148100000000e+02) | best noise-free fitness - Fopt | measured fitness | best measured fitness | x1 | x2...
1 +6.009379821e+06 +6.009379821e+06 +6.009265011e+06 +6.009265011e+06 -7.9817e-02 +1.3696e-01 +2.4074e-01 +2.9727e-01 -7.3799e-01 +3.5075e-01 -1.3170e-01 +3.3100e-01 -5.7900e-01 +8.5582e-01 +3.5540e-01 -3.0320e-01 +3.9793e-01 -2.2902e-01 -8.5451e-01 -1.4909e-01 +5.5372e-01 -4.2406e-01 -5.6451e-01 +4.7371e-01
6 +3.574863132e+06 +3.574863132e+06 +3.574748322e+06 +3.574748322e+06 -8.9384e-02 +3.0039e-01 +5.5256e-01 +4.9505e-02 +3.8301e-02 -2.5612e-01 +2.0660e-01 +2.7523e-01 +4.0755e-01 -7.0597e-01 -2.7576e-01 -1.6687e-01 -4.5504e-01 -3.0156e-01 +3.8724e-01 +2.5813e-01 +2.3056e-02 -2.1448e-01 -1.4655e-01 -2.1604e-01
46 +2.121904947e+06 +2.121904947e+06 +2.121790137e+06 +2.121790137e+06 -3.3945e-01 +8.3461e-01 -3.8507e-01 -8.9809e-01 +6.2998e-01 +2.5587e-01 +3.8006e-01 -1.5823e-01 -1.4111e-01 -2.6903e-02 -5.1882e-02 +4.7408e-01 +5.4445e-01 -6.3819e-01 -6.6332e-01 -2.1307e-01 -1.8338e-01 -8.1232e-02 +3.4955e-01 +3.7845e-01
% function evaluation | noise-free fitness - Fopt (-3.505800000000e+02) | best noise-free fitness - Fopt | measured fitness | best measured fitness | x1 | x2...
1 +7.799564957e+06 +7.799564957e+06 +7.799214377e+06 +7.799214377e+06 -2.2768e-01 -3.7222e-01 +7.7457e-01 +4.7800e-01 +3.3659e-02 +5.9198e-01 -3.9587e-02 +1.2412e-01 -3.3594e-01 -2.3917e-01 +5.2508e-01 -4.3239e-01 +5.0806e-01 -5.7120e-01 -6.4496e-01 -2.4147e-01 +5.6327e-01 +1.8464e-01 +7.5778e-01 -3.1896e-01
2 +5.436559048e+06 +5.436559048e+06 +5.436208468e+06 +5.436208468e+06 -9.8640e-02 -3.0691e-02 -1.0987e-02 -1.3578e-01 +7.3202e-01 -4.5703e-01 -3.7488e-01 +7.2205e-01 +2.2195e-01 -7.7089e-01 +1.9865e-01 +3.6682e-01 -6.5970e-01 +1.5042e-02 -5.9291e-01 -2.0099e-01 +5.1670e-01 +4.8417e-01 +1.0888e-01 -1.6062e-01
% function evaluation | noise-free fitness - Fopt (-5.700000000000e+00) | best noise-free fitness - Fopt | measured fitness | best measured fitness | x1 | x2...
1 +1.355664741e+07 +1.355664741e+07 +1.355664171e+07 +1.355664171e+07 +5.4318e-01 -5.1472e-01 -6.4971e-01 -1.0219e-01 -8.5234e-01 -6.5770e-01 -7.7864e-01 +3.3434e-01 +8.9947e-01 +5.1084e-02 -3.3459e-01 +1.5127e-01 -1.5113e-01 -4.1750e-01 +4.2267e-01 +1.6559e-01 +1.4430e-01 +8.3168e-01 -2.5766e-01 +2.2385e-01
9 +9.033668676e+06 +9.033668676e+06 +9.033662976e+06 +9.033662976e+06 -2.4201e-01 -1.0967e-01 +4.5705e-01 +8.4477e-01 -3.0757e-01 -1.3619e-02 -1.0986e-01 -5.7395e-02 +8.8244e-02 -1.2155e-02 -1.8305e-01 -2.1769e-01 +2.4253e-01 -1.5075e-01 +6.4724e-01 -4.2252e-01 +1.8437e-01 -7.2182e-01 -5.3524e-01 +3.1727e-01
