% function evaluation | noise-free fitness - Fopt (7.135000000000e+01) | best noise-free fitness - Fopt | measured fitness | best measured fitness | x1 | x2...
1 +6.019061253e+01 +6.019061253e+01 +1.315406125e+02 +1.315406125e+02 -6.6827e-01 +3.0039e-01 -2.4180e-01 -1.8417e-01 +5.6928e-01 -2.0625e-01 +1.3540e-01 +9.3905e-01 -1.4679e-01 -8.9260e-02 +8.8689e-01 +2.5374e-01 +7.2254e-01 -1.8836e-01 -4.1181e-01 +7.5307e-02 +3.4083e-02 +3.9166e-02 -3.9945e-02 +4.6379e-03
92 +3.936551945e+01 +3.936551945e+01 +1.107155194e+02 +1.107155194e+02 -6.7113e-01 -9.3144e-02 +2.3515e-01 -2.0460e-01 +2.6401e-01 -5.0550e-02 +1.0622e-01 +5.6972e-01 -4.4113e-02 +7.4460e-01 -6.1365e-02 +6.0206e-02 +7.8698e-01 +6.8843e-01 +8.2418e-01 +3.0734e-01 -4.0866e-01 -1.4353e-01 +4.7581e-01 -4.7163e-01
% function evaluation | noise-free fitness - Fopt (-3.552200000000e+02) | best noise-free fitness - Fopt | measured fitness | best measured fitness | x1 | x2...
1 +7.745586924e+01 +7.745586924e+01 -2.777641308e+02 -2.777641308e+02 -1.4897e-01 -7.4710e-01 +4.1942e-01 +2.3844e-01 -7.1559e-01 -3.8717e-01 +1.6063e-02 +3.9770e-01 -5.8218e-02 -5.1191e-01 +6.2434e-02 -6.8869e-01 +4.9016e-01 -1.3578e-01 -5.1327e-01 +2.8213e-01 -4.8274e-01 -1.9671e-01 -1.8004e-01 +4.5386e-01
15 +5.415772950e+01 +5.415772950e+01 -3.010622705e+02 -3.010622705e+02 +3.6829e-01 +4.4266e-01 +6.2804e-02 +2.2098e-01 -1.0947e-01 +2.9607e-02 -4.5839e-01 +2.0342e-01 +4.4773e-02 +1.8740e-01 +7.2521e-01 -2.8766e-01 -5.3232e-01 -1.8130e-01 +8.7489e-02 -6.6574e-02 +8.5383e-01 +3.2176e-01 +2.0252e-01 +1.0330e-01
% function evaluation | noise-free fitness - Fopt (9.917000000000e+01) | best noise-free fitness - Fopt | measured fitness | best measured fitness | x1 | x2...
1 +1.118565846e+02 +1.118565846e+02 +2.110265846e+02 +2.110265846e+02 +5.2501e-02 -7.5734e-01 +5.5337e-01 +2.6691e-01 +2.8660e-01 -7.2757e-01 -5.6882e-01 -3.5341e-01 -2.1445e-01 +3.3027e-01 -2.9384e-01 +4.1745e-01 -1.3912e-01 -1.7258e-01 +4.6685e-01 -3.5777e-03 +6.7467e-01 +4.0313e-01 +5.0305e-01 +3.5913e-01
4 +8.349489133e+01 +8.349489133e+01 +1.826648913e+02 +1.826648913e+02 +1.5196e-01 -7.9995e-01 +5.3199e-01 +1.6251e-02 -1.3535e-02 +5.9655e-01 -2.3806e-01 -7.3585e-01 -2.3807e-01 +3.1864e-02 +4.9631e-01 +6.0528e-01 +4.1195e-01 +8.7231e-02 +3.9931e-01 -5.4426e-01 +2.6168e-01 +7.5462e-01 +6.7632e-01 +5.5306e-01
18 +5.826819789e+01 +5.826819789e+01 +1.574381979e+02 +1.574381979e+02 +7.1463e-01 +1.3459e-01 -7.8471e-02 -4.5948e-01 +2.4571e-01 -2.5613e-01 -3.5022e-01 -8.7492e-01 -5.3934e-01 -4.0047e-01 -7.7391e-01 -3.2831e-02 -2.6607e-01 -7.0750e-02 +1.7737e-01 -2.0182e-01 +2.2258e-01 +7.5034e-02 -7.4109e-01 -3.2155e-02
% function evaluation | noise-free fitness - Fopt (-5.179100000000e+02) | best noise-free fitness - Fopt | measured fitness | best measured fitness | x1 | x2...
1 +4.961768058e+01 +4.961768058e+01 -4.682923194e+02 -4.682923194e+02 +4.7690e-03 +3.0475e-01 +6.2679e-01 +4.5934e-01 +3.0345e-01 -2.0042e-01 +1.8089e-01 +5.8712e-01 +3.7284e-02 +1.2764e-01 +5.0722e-01 -2.9836e-02 -9.4503e-01 +1.9058e-01 -1.1127e-01 -1.6180e-01 -3.1026e-02 -3.9834e-02 -2.5110e-02 -2.9558e-01
28 +3.002435165e+01 +3.002435165e+01 -4.878856483e+02 -4.878856483e+02 -6.6990e-01 +5.5199e-01 +7.4470e-01 +1.5088e-01 +1.7353e-02 -5.4944e-01 -3.5157e-02 -3.8828e-01 -5.3267e-01 +6.1650e-02 -1.3845e-01 +8.5007e-01 +1.3140e-01 -2.3590e-01 -1.0818e-02 -1.4560e-01 -4.0023e-03 -4.5698e-02 -3.2611e-01 +4.5337e-01
% function evaluation | noise-free fitness - Fopt (-5.721000000000e+01) | best noise-free fitness - Fopt | measured fitness | best measured fitness | x1 | x2...
1 +6.249554368e+01 +6.249554368e+01 +5.285543684e+00 +5.285543684e+00 -4.0197e-01 +1.9958e-01 -4.8068e-01 +4.6085e-01 -8.2208e-01 +3.2887e-01 -1.8638e-01 +5.8237e-02 +2.2245e-01 -2.8672e-01 -1.3480e-01 -2.5612e-01 +2.6869e-01 +1.2805e-01 -4.4519e-01 -4.1619e-01 -4.4907e-02 -2.4845e-01 -5.7219e-02 +3.9649e-01
% function evaluation | noise-free fitness - Fopt (6.770000000000e+00) | best noise-free fitness - Fopt | measured fitness | best measured fitness | x1 | x2...
1 +8.605418688e+01 +8.605418688e+01 +9.282418688e+01 +9.282418688e+01 +1.9582e-01 -1.7845e-01 -4.4240e-01 -1.4519e-01 +6.6083e-01 -8.1279e-01 +1.3614e-01 -1.2124e-01 +7.9319e-02 -1.5385e-01 +6.2080e-01 +2.7903e-02 -4.8918e-01 -1.4249e-01 +1.3903e-01 -2.4865e-02 -3.8191e-01 +6.9415e-01 +5.2196e-01 +7.4764e-02
6 +6.154805466e+01 +6.154805466e+01 +6.831805466e+01 +6.831805466e+01 -2.0752e-01 -7.8381e-01 +7.3572e-02 +9.0591e-01 -2.4090e-01 -9.0463e-02 -2.5971e-01 -8.3844e-01 -2.3227e-01 -6.8081e-01 +8.0969e-01 -1.1599e-01 +1.3622e-01 +1.4991e-01 +2.1879e-01 -4.3688e-01 -5.3534e-01 -1.1541e-01 +4.8502e-01 +9.9961e-02
% function evaluation | noise-free fitness - Fopt (-1.078000000000e+01) | best noise-free fitness - Fopt | measured fitness | best measured fitness | x1 | x2...
1 +7.765665644e+01 +7.765665644e+01 +6.687665644e+01 +6.687665644e+01 +3.2164e-01 -1.7035e-01 -1.9427e-01 +5.8916e-01 +7.5267e-02 -1.5259e-01 +2.5472e-02 -1.3535e-02 -2.4341e-01 +2.0536e-01 +3.0737e-01 -3.3080e-01 +1.1382e-01 +1.1598e-01 -9.3968e-02 -4.0157e-01 +1.2276e-01 +2.8078e-01 +4.0828e-02 +2.0205e-01
17 +4.720486535e+01 +4.720486535e+01 +3.642486535e+01 +3.642486535e+01 +4.1581e-02 +5.2328e-01 +7.9588e-01 +5.9700e-01 +9.4227e-02 +6.1095e-01 +3.6264e-01 -2.7127e-01 -1.1046e-01 +1.5310e-01 +1.6270e-01 -5.3283e-01 -4.1803e-01 -5.2458e-01 +5.9220e-02 +3.0188e-01 -5.5319e-01 -1.9214e-01 -8.4799e-02 +4.4610e-01
% function evaluation | noise-free fitness - Fopt (-1.645900000000e+02) | best noise-free fitness - Fopt | measured fitness | best measured fitness | x1 | x2...
1 +1.056168362e+02 +1.056168362e+02 -5.897316377e+01 -5.897316377e+01 -2.9177e-01 -5.3496e-01 -1.1318e-01 -2.1354e-01 +4.3947e-01 +2.2623e-01 +7.6834e-01 -6.6723e-01 -4.5363e-01 +5.6489e-01 -2.6294e-01 +8.3110e-01 -2.4113e-01 +5.2829e-01 -6.6207e-01 +1.3541e-01 -1.9628e-01 +3.3119e-03 +5.4325e-01 +3.1822e-01
2 +5.442613082e+01 +5.442613082e+01 -1.101638692e+02 -1.101638692e+02 +6.9251e-01 +1.5870e-01 +3.7866e-01 +2.8536e-01 -4.3457e-01 +9.2072e-01 -7.9116e-01 -4.1977e-01 +5.5067e-02 +4.6017e-01 -1.6962e-01 -3.0157e-01 +4.5857e-01 +3.7078e-01 -1.7093e-01 +1.7931e-01 +4.4371e-01 +4.6949e-01 -1.7535e-01 -3.5787e-01
% function evaluation | noise-free fitness - Fopt (-1.429800000000e+02) | best noise-free fitness - Fopt | measured fitness | best measured fitness | x1 | x2...
1 +8.310195771e+01 +8.310195771e+01 -5.987804229e+01 -5.987804229e+01 -4.7833e-01 -1.3329e-01 -1.4590e-01 -1.4718e-01 +8.6427e-02 -4.2350e-01 +2.6994e-01 +2.0798e-01 -6.3525e-01 -2.3157e-02 +2.0040e-01 -4.5726e-01 -1.3029e-01 +4.1099e-01 -2.7558e-02 +7.9016e-01 -2.2598e-01 -6.8762e-01 -2.5705e-01 -1.8956e-01
5 +5.893139349e+01 +5.893139349e+01 -8.404860651e+01 -8.404860651e+01 +3.2552e-01 +2.9032e-01 -5.1166e-01 -6.4515e-01 +5.9429e-01 +5.2725e-01 +1.4095e-01 -2.5768e-01 +1.9517e-01 +2.0005e-01 +3.7569e-01 -6.7020e-01 +6.4440e-01 +8.0014e-01 -5.4322e-01 -3.6627e-03 +5.0171e-01 -5.8525e-02 -3.0932e-01 -5.7560e-02
% function evaluation | noise-free fitness - Fopt (2.468600000000e+02) | best noise-free fitness - Fopt | measured fitness | best measured fitness | x1 | x2...
1 +1.228706870e+02 +1.228706870e+02 +3.697306870e+02 +3.697306870e+02 -6.1690e-01 -5.1368e-01 -1.8819e-01 +2.1864e-01 +4.6647e-01 +8.9428e-02 +8.8879e-01 +1.2500e-01 +3.0735e-01 +2.3693e-01 +3.0241e-01 -1.6364e-02 +4.8233e-01 +1.4653e-01 +3.3388e-02 +8.8295e-02 -9.6238e-02 +1.3429e-01 +3.0477e-02 +2.4141e-01
2 +6.927134249e+01 +6.927134249e+01 +3.161313425e+02 +3.161313425e+02 +8.9588e-01 -5.4638e-01 -1.4729e-01 -4.0671e-02 +4.6966e-01 -4.1246e-01 -3.3062e-01 -4.9894e-01 +1.0341e-01 -1.8300e-01 -5.2000e-01 -2.5503e-01 +3.1836e-01 -1.4002e-01 +5.3646e-01 +2.4155e-01 +1.1512e-01 +4.2086e-01 -3.3259e-01 +3.9297e-02
4 +5.518523835e+01 +5.518523835e+01 +3.020452384e+02 +3.020452384e+02 +1.9821e-01 +5.5262e-01 +1.5546e-01 -2.7188e-03 +2.3237e-01 +6.7487e-01 -7.0206e-02 +2.9469e-01 +8.1443e-01 +1.3758e-01 -4.6263e-01 -7.2008e-02 +1.0858e-01 -1.4453e-01 +7.9031e-01 -2.0377e-02 +6.5219e-01 -1.9266e-01 -7.3959e-01 +1.3587e-01
% function evaluation | noise-free fitness - Fopt (1.392300000000e+02) | best noise-free fitness - Fopt | measured fitness | best measured fitness | x1 | x2...
1 +8.552659646e+01 +8.552659646e+01 +2.247565965e+02 +2.247565965e+02 +4.5337e-01 -2.9808e-01 +1.1941e-01 -2.8189e-01 -3.4323e-01 +3.9507e-01 -3.0295e-01 -2.0114e-01 +6.3973e-02 -1.6076e-01 +2.3967e-01 +3.4606e-01 -2.1000e-01 -2.0804e-01 +1.5261e-01 +9.2710e-02 -3.1569e-01 +2.8372e-01 +1.0586e-01 -1.1464e-02
4 +5.800681439e+01 +5.800681439e+01 +1.972368144e+02 +1.972368144e+02 +9.1818e-03 -8.8467e-02 -1.0376e-01 -1.6357e-01 -5.4843e-02 +5.9958e-01 -6.6381e-01 -4.8860e-01 -3.3422e-01 -1.1516e-01 -9.4209e-02 +7.4696e-01 -5.2476e-01 +4.9478e-01 -5.7000e-01 +1.5347e-01 +5.1840e-01 +5.1196e-01 +3.4257e-01 +7.7834e-01
73 +3.939760557e+01 +3.939760557e+01 +1.786276056e+02 +1.786276056e+02 -9.7355e-03 -9.4527e-01 +2.1050e-01 -3.4427e-01 -2.8895e-01 -1.5813e-01 -7.0917e-01 -1.1723e-01 +8.9976e-02 +1.6344e-01 -2.4205e-01 +9.0374e-02 -2.6723e-01 +4.9121e-01 -3.3264e-01 -6.9769e-02 -2.9201e-04 +6.9844e-01 -6.2525e-01 +3.2264e-01
% function evaluation | noise-free fitness - Fopt (-1.838000000000e+01) | best noise-free fitness - Fopt | measured fitness | best measured fitness | x1 | x2...
1 +7.485525587e+01 +7.485525587e+01 +5.647525587e+01 +5.647525587e+01 -3.7176e-01 -3.2394e-02 -3.2249e-01 -1.0640e-01 +6.9473e-01 -2.2925e-01 -1.5184e-01 +5.6968e-01 -5.8796e-01 -7.9242e-01 -4.7271e-01 +7.7274e-02 -2.7498e-01 +4.8148e-02 -4.9613e-01 +4.4442e-01 +1.1889e-01 -7.5133e-01 +3.5732e-01 +2.7056e-01
4 +4.403050220e+01 +4.403050220e+01 +2.565050220e+01 +2.565050220e+01 -5.0073e-02 +5.1788e-01 +1.8903e-01 +1.1348e-01 -1.7611e-01 +7.8165e-01 -1.0626e-01 +5.1447e-01 +4.2977e-01 -4.8234e-01 -7.8987e-01 -5.2174e-02 +2.9251e-01 +3.9233e-01 +6.0414e-01 +1.6488e-01 +1.4279e-01 -8.6179e-01 +3.6574e-01 +2.3386e-01
21 +3.855665506e+01 +3.855665506e+01 +2.017665506e+01 +2.017665506e+01 +7.2291e-01 +6.2233e-01 +2.3716e-01 -3.2068e-01 -4.3736e-01 -9.8400e-02 -5.8521e-01 -3.3954e-01 -2.4022e-01 -7.3047e-01 -6.7616e-01 +1.2194e-01 -7.7977e-01 -7.1083e-01 -2.0591e-01 -4.0010e-01 +3.0902e-01 +1.1561e-01 -6.2746e-01 -4.3185e-01
% function evaluation | noise-free fitness - Fopt (-3.928400000000e+02) | best noise-free fitness - Fopt | measured fitness | best measured fitness | x1 | x2...
1 +6.046549042e+01 +6.046549042e+01 -3.323745096e+02 -3.323745096e+02 -1.2215e-01 +2.4139e-01 +6.9001e-01 -4.6655e-01 -6.6937e-01 -8.0056e-03 -3.2775e-01 +5.5745e-01 -1.8587e-01 +1.0223e-01 +3.0583e-01 +3.0566e-02 -1.4844e-01 -4.5501e-01 +2.4783e-01 -3.1240e-01 +7.0580e-01 +3.7780e-02 +8.5761e-01 -5.2874e-01
3 +3.867222594e+01 +3.867222594e+01 -3.541677741e+02 -3.541677741e+02 -1.6684e-01 +3.4915e-01 -2.0285e-01 -9.8463e-03 +2.2923e-01 +2.2378e-01 +4.4956e-01 +2.9713e-01 +1.0678e-01 +7.9769e-01 +8.0316e-01 -6.8150e-01 -2.7387e-01 -8.6599e-01 -7.3043e-01 -8.7119e-02 -5.9876e-01 +6.4217e-01 -9.4341e-01 -1.6395e-01
% function evaluation | noise-free fitness - Fopt (2.292200000000e+02) | best noise-free fitness - Fopt | measured fitness | best measured fitness | x1 | x2...
1 +8.401014868e+01 +8.401014868e+01 +3.132301487e+02 +3.132301487e+02 +3.0326e-01 +9.1865e-01 +4.4428e-01 -1.4728e-02 -4.6876e-01 +6.6581e-01 -2.0274e-01 +7.1738e-01 -5.1858e-01 -5.1590e-01 -4.0349e-02 +1.0481e-01 +1.3732e-01 -2.4378e-01 -6.1873e-02 +4.3409e-01 +7.4745e-01 +1.7376e-01 +4.4186e-01 -2.4065e-01
10 +6.254540852e+01 +6.254540852e+01 +2.917654085e+02 +2.917654085e+02 -6.9045e-02 -4.2138e-01 -1.9647e-01 +9.3293e-01 +2.6719e-03 +1.6110e-01 +2.2609e-01 -1.5722e-01 -5.5909e-01 -1.8113e-01 -6.6564e-01 +3.8295e-01 -5.0627e-01 -2.6044e-01 +3.9646e-01 +4.1538e-01 +1.8948e-01 -4.1679e-01 +8.8562e-01 +2.8188e-01
% function evaluation | noise-free fitness - Fopt (-2.444600000000e+02) | best noise-free fitness - Fopt | measured fitness | best measured fitness | x1 | x2...
1 +6.141989888e+01 +6.141989888e+01 -1.830401011e+02 -1.830401011e+02 -5.9474e-02 +1.8569e-01 +5.4988e-01 -4.0130e-01 -2.9854e-01 +1.0782e-01 +9.4382e-01 -7.9194e-01 +7.6483e-01 -2.8145e-01 +9.3944e-02 -7.5159e-03 -2.2169e-01 -3.2983e-01 +5.6002e-01 -1.5382e-03 +1.1092e-02 -4.5559e-01 +5.6277e-01 +6.8565e-01
