% function evaluation | noise-free fitness - Fopt (1.026100000000e+02) | best noise-free fitness - Fopt | measured fitness | best measured fitness | x1 | x2...
1 +2.572561915e+02 +2.572561915e+02 +3.598661915e+02 +3.598661915e+02 -5.0283e-01 +5.3926e-02 +2.6160e-01 +5.6181e-01 -5.6852e-01 -6.7926e-01 +2.2753e-01 +5.7530e-02 -5.9363e-01 +4.3902e-01 -1.4229e-01 -2.4120e-01 -2.9228e-01 -1.0780e-01 +5.1232e-01 -4.5098e-01 +3.0704e-01 +6.1455e-01 -3.8458e-01 +4.2335e-01
85 +2.399809712e+02 +2.399809712e+02 +3.425909712e+02 +3.425909712e+02 +2.9832e-01 +3.9374e-01 +1.5027e-01 +2.9475e-01 -1.0669e-01 -3.3024e-01 -6.7245e-02 +1.0733e-01 -5.2624e-02 -7.2547e-01 +6.6149e-01 -1.5311e-01 -2.9831e-01 +5.2554e-03 -2.4907e-01 -3.2275e-01 -4.2013e-01 -5.7181e-02 -3.4768e-01 +1.5908e-02
% function evaluation | noise-free fitness - Fopt (9.330000000000e+01) | best noise-free fitness - Fopt | measured fitness | best measured fitness | x1 | x2...
1 +3.423025846e+02 +3.423025846e+02 +4.356025846e+02 +4.356025846e+02 +3.7172e-02 +3.3239e-02 -6.0803e-01 -7.4582e-01 -6.3481e-01 +5.7785e-02 -6.3216e-01 +2.7920e-02 +2.7974e-01 -3.4326e-02 -4.9297e-01 -6.6729e-01 +1.4040e-01 -1.6493e-02 +3.8529e-01 +1.6665e-01 -9.3040e-03 +2.0517e-01 -2.9266e-01 +4.4552e-01
71 +2.489263962e+02 +2.489263962e+02 +3.422263962e+02 +3.422263962e+02 +6.2829e-01 -7.3261e-01 -2.6785e-01 -9.2972e-01 +3.4733e-01 -5.6316e-02 +1.7518e-01 +1.1797e-01 +9.6246e-02 +3.4770e-01 +1.8948e-01 +2.1480e-01 -3.1860e-01 -2.9410e-01 -7.4273e-02 +8.2258e-02 +3.7234e-02 -4.1162e-02 +7.6977e-02 +1.5789e-01
% function evaluation | noise-free fitness - Fopt (1.364000000000e+01) | best noise-free fitness - Fopt | measured fitness | best measured fitness | x1 | x2...
1 +3.315444353e+02 +3.315444353e+02 +3.451844353e+02 +3.451844353e+02 -1.9700e-01 -2.6762e-01 +5.0020e-01 +8.6216e-01 +5.0810e-01 +3.5245e-01 +3.9364e-01 -5.3332e-01 -8.2681e-01 -8.9613e-01 -9.0445e-01 -6.7544e-01 +8.7274e-01 -5.3509e-01 +4.5980e-01 +1.5514e-02 -1.7697e-01 -9.7510e-02 -2.9921e-02 +1.9037e-02
3 +2.312601197e+02 +2.312601197e+02 +2.449001197e+02 +2.449001197e+02 +6.1466e-01 -1.2021e-02 -6.5746e-01 +6.8865e-01 +2.9737e-01 +6.8871e-01 +6.9597e-01 -7.1365e-02 -9.1639e-01 +2.1936e-01 +6.5321e-01 -1.8660e-01 +2.8982e-01 -5.2615e-01 -5.7464e-01 +6.9545e-01 +3.8514e-01 +2.2373e-01 -7.2550e-01 +2.6091e-01
% function evaluation | noise-free fitness - Fopt (1.948000000000e+02) | best noise-free fitness - Fopt | measured fitness | best measured fitness | x1 | x2...
1 +3.796151700e+02 +3.796151700e+02 +5.744151700e+02 +5.744151700e+02 -1.0474e-01 -2.6077e-01 +2.3823e-01 -6.9290e-01 -3.2037e-01 -4.2604e-01 -3.4835e-01 -1.9164e-01 -1.2234e-01 -4.7402e-01 +1.8938e-02 -4.2166e-01 +2.8573e-02 +5.3166e-01 -5.1424e-01 +4.2459e-02 -1.1591e-02 +6.1668e-01 +2.3656e-01 -4.3182e-01
2 +2.470094397e+02 +2.470094397e+02 +4.418094397e+02 +4.418094397e+02 -3.5339e-01 +3.8785e-01 +3.2135e-01 -6.4795e-01 +1.2813e-01 +9.9126e-02 -3.9590e-01 +7.2617e-01 -4.6656e-01 -3.6038e-01 +1.3855e-01 +3.6999e-01 -1.9104e-01 -3.7036e-01 +3.7824e-01 +1.1382e-01 -3.9196e-01 +4.2583e-01 -6.3420e-02 -3.0309e-02
% function evaluation | noise-free fitness - Fopt (-1.335900000000e+02) | best noise-free fitness - Fopt | measured fitness | best measured fitness | x1 | x2...
1 +2.873396603e+02 +2.873396603e+02 +1.537496603e+02 +1.537496603e+02 +1.7944e-01 +1.2112e-01 -7.9244e-01 +3.4202e-01 -3.0200e-01 -6.8890e-01 +1.2284e-01 +5.4470e-01 -3.8433e-01 -1.1237e-01 -1.8624e-01 +5.3361e-01 -1.8087e-01 -7.8438e-01 +1.0528e-01 -6.3828e-02 -3.0058e-02 -2.4444e-01 +6.5771e-01 +5.5109e-02
73 +2.504844458e+02 +2.504844458e+02 +1.168944458e+02 +1.168944458e+02 +6.7171e-01 +6.3767e-01 -3.1891e-02 -2.4803e-01 -6.1149e-01 -8.7881e-01 +5.2329e-01 -3.2451e-01 +3.1576e-01 -5.7037e-01 +7.7382e-02 +8.9717e-02 -1.5131e-01 -1.7787e-01 -1.6955e-01 -9.3880e-01 +3.5160e-01 -1.5032e-01 +3.3253e-01 -4.2714e-01
% function evaluation | noise-free fitness - Fopt (-8.468100000000e+02) | best noise-free fitness - Fopt | measured fitness | best measured fitness | x1 | x2...
1 +3.390880442e+02 +3.390880442e+02 -5.077219558e+02 -5.077219558e+02 +1.9920e-01 +1.0001e-01 -2.5410e-01 -2.0930e-01 +1.3163e-01 +4.0363e-02 -4.3550e-01 +6.5572e-01 -7.9187e-01 +7.1126e-01 +8.7419e-01 -9.2993e-01 +8.7072e-01 -2.5072e-01 +6.1606e-02 -1.1537e-01 -2.2151e-01 +9.8989e-03 -4.3745e-01 +7.7592e-02
20 +2.490967535e+02 +2.490967535e+02 -5.977132465e+02 -5.977132465e+02 +1.8880e-01 -8.2049e-02 +3.5876e-01 +2.3188e-01 -1.1651e-02 +1.8787e-01 +4.6995e-01 +4.3997e-01 +3.2010e-02 -2.1869e-01 -3.4977e-01 -3.0861e-01 -6.4190e-01 -4.7580e-01 +4.6122e-01 -2.7149e-01 +1.2116e-01 -1.7235e-01 +4.8529e-01 -2.7945e-02
% function evaluation | noise-free fitness - Fopt (1.363000000000e+01) | best noise-free fitness - Fopt | measured fitness | best measured fitness | x1 | x2...
1 +3.443247183e+02 +3.443247183e+02 +3.579547183e+02 +3.579547183e+02 -1.2183e-01 -1.6094e-01 +1.8217e-01 +3.0659e-01 -2.0006e-01 -2.3671e-01 -7.3377e-01 -9.2598e-02 -5.6290e-02 -4.7333e-01 +8.5062e-03 +2.4280e-01 +4.7607e-02 +1.4013e-01 +3.8324e-01 +4.7260e-01 -5.1868e-01 +8.3691e-02 -2.0663e-01 +4.0885e-02
% function evaluation | noise-free fitness - Fopt (-3.718000000000e+01) | best noise-free fitness - Fopt | measured fitness | best measured fitness | x1 | x2...
1 +2.721513264e+02 +2.721513264e+02 +2.349713264e+02 +2.349713264e+02 +2.3610e-01 -3.2938e-01 -4.5482e-01 -7.4888e-01 -3.8303e-01 +1.9973e-02 +7.5680e-01 +1.2085e-02 +1.3326e-01 -1.9331e-01 +3.2724e-02 -2.1160e-01 +5.9534e-01 -1.0015e-01 +6.2115e-01 -7.9495e-01 +1.8331e-01 +1.0592e-01 +6.8404e-01 -6.7191e-01
5 +2.478175332e+02 +2.478175332e+02 +2.106375332e+02 +2.106375332e+02 -2.6648e-01 -4.2552e-01 -1.1490e-01 -1.2132e-01 +4.9322e-01 +1.8863e-01 +6.8536e-01 -6.6558e-01 -2.3919e-02 -5.9669e-01 -1.8342e-02 +1.1284e-01 -7.1271e-01 +4.1943e-01 +2.3319e-01 +4.8962e-01 +7.2189e-01 +4.4128e-01 +2.3497e-01 +1.1390e-02
% function evaluation | noise-free fitness - Fopt (2.275200000000e+02) | best noise-free fitness - Fopt | measured fitness | best measured fitness | x1 | x2...
1 +3.931079063e+02 +3.931079063e+02 +6.206279063e+02 +6.206279063e+02 +8.9728e-01 +5.0010e-01 -7.6081e-01 +5.1416e-02 -8.1950e-02 -1.8838e-01 -1.5670e-01 +2.6346e-01 -3.1376e-01 -5.5631e-01 -4.9514e-01 -2.4528e-02 -2.4576e-01 +2.6665e-01 +6.4915e-03 +4.4366e-01 +1.3382e-01 -1.0395e-01 -1.1180e-01 +3.6094e-01
9 +2.422661427e+02 +2.422661427e+02 +4.697861427e+02 +4.697861427e+02 +2.2997e-01 +7.0821e-01 -1.4470e-01 -6.2206e-02 +7.6550e-01 +7.8627e-01 +7.2461e-01 -2.1875e-01 -4.2305e-01 +5.1619e-01 -1.0035e-01 +1.4108e-01 -5.7160e-01 +7.3245e-02 +6.2277e-01 +5.7337e-01 -5.3691e-01 -7.0687e-01 +1.6608e-01 +1.1148e-01
% function evaluation | noise-free fitness - Fopt (6.370000000000e+00) | best noise-free fitness - Fopt | measured fitness | best measured fitness | x1 | x2...
1 +3.039664104e+02 +3.039664104e+02 +3.103364104e+02 +3.103364104e+02 -2.7766e-01 -4.7671e-01 +5.6491e-01 -3.6018e-01 -1.7672e-01 +9.0302e-01 +5.3526e-01 -1.6274e-01 +1.1874e-03 -1.4985e-01 +8.0157e-02 +6.3787e-01 +4.8793e-02 -3.1924e-01 +4.2775e-01 +2.7337e-02 -5.4566e-01 -7.8692e-01 -9.6788e-02 -4.4116e-01
67 +2.303804055e+02 +2.303804055e+02 +2.367504055e+02 +2.367504055e+02 +2.5383e-01 +2.0418e-02 +1.2972e-01 -1.2137e-01 -1.4850e-01 +6.7433e-02 -8.9175e-01 -2.9707e-01 -3.0208e-01 +3.0259e-01 +2.0960e-01 -2.3396e-01 -1.9281e-01 -7.4049e-02 -4.1889e-01 +1.6285e-01 +4.2668e-01 -5.4978e-02 +6.5019e-01 +2.7164e-01
% function evaluation | noise-free fitness - Fopt (-1.082600000000e+02) | best noise-free fitness - Fopt | measured fitness | best measured fitness | x1 | x2...
1 +3.239823367e+02 +3.239823367e+02 +2.157223367e+02 +2.157223367e+02 +6.3939e-02 +4.6384e-01 -6.4364e-01 +2.8110e-01 +3.5723e-01 +8.1726e-02 -3.5499e-01 -1.0080e-02 -3.5709e-02 +2.7815e-01 -1.6122e-01 +1.7307e-02 +4.0823e-03 +3.4402e-01 -2.7426e-01 -4.7239e-01 +2.7328e-01 +1.6742e-01 +7.9270e-01 -2.5022e-01
12 +2.483401467e+02 +2.483401467e+02 +1.400801467e+02 +1.400801467e+02 +4.0064e-01 +4.5105e-01 +7.3901e-01 -4.6359e-01 +1.7163e-01 +4.1707e-01 -2.7318e-01 +2.5060e-01 -3.4344e-01 -1.9208e-01 -3.7420e-01 -9.4953e-02 +3.9033e-01 +4.0370e-01 +4.5234e-01 -3.7751e-01 -3.5652e-01 +1.2044e-01 -2.0358e-01 -5.9972e-01
% function evaluation | noise-free fitness - Fopt (-1.000000000000e+03) | best noise-free fitness - Fopt | measured fitness | best measured fitness | x1 | x2...
1 +2.708094741e+02 +2.708094741e+02 -7.291905259e+02 -7.291905259e+02 -3.4485e-01 +5.3665e-01 +4.0264e-01 -6.5887e-02 +2.0235e-01 +1.0877e-01 +2.3348e-01 +6.4027e-01 -7.5172e-03 +2.9566e-01 -2.7537e-02 -7.4803e-01 -1.4291e-01 +9.1020e-01 +4.3427e-01 +7.6630e-01 -4.3170e-02 +5.1554e-01 -2.3668e-01 -9.7206e-01
% function evaluation | noise-free fitness - Fopt (-8.434000000000e+01) | best noise-free fitness - Fopt | measured fitness | best measured fitness | x1 | x2...
1 +3.249993392e+02 +3.249993392e+02 +2.406593392e+02 +2.406593392e+02 -1.9283e-01 -7.9379e-01 -1.9861e-01 -3.9202e-01 +9.3825e-01 +7.0869e-01 -3.9750e-01 -1.0688e-01 -1.8696e-01 -3.3869e-02 +6.4450e-01 -3.9399e-01 -1.4096e-01 +6.2128e-01 -4.1871e-01 -1.9584e-02 +3.0998e-01 +4.1986e-01 -9.6721e-02 +2.1752e-02
2 +2.167257762e+02 +2.167257762e+02 +1.323857762e+02 +1.323857762e+02 -7.2142e-01 -3.1046e-01 -1.9189e-01 +1.0462e-01 -3.3872e-01 +8.0394e-02 -5.4213e-01 -7.3272e-02 -4.1361e-01 +5.5345e-01 +2.6550e-01 -2.1617e-01 +2.9062e-01 -2.4664e-01 +2.0157e-01 -5.3019e-01 +7.2466e-01 -3.9740e-01 -7.9036e-01 +7.0427e-01
% function evaluation | noise-free fitness - Fopt (7.213000000000e+01) | best noise-free fitness - Fopt | measured fitness | best measured fitness | x1 | x2...
1 +3.166642410e+02 +3.166642410e+02 +3.887942410e+02 +3.887942410e+02 -3.3693e-02 +3.2070e-01 -3.2916e-01 -3.3176e-01 +6.0412e-01 +4.2671e-01 -1.7049e-01 -2.4270e-01 -8.0686e-02 +2.8519e-02 +6.4546e-01 +2.0205e-01 +4.7067e-02 -4.7582e-01 -1.0295e-01 +7.7343e-02 -3.8655e-01 -3.4099e-01 -5.6539e-01 -8.2922e-01
85 +2.290096562e+02 +2.290096562e+02 +3.011396562e+02 +3.011396562e+02 +5.3898e-02 +5.5408e-01 -2.7448e-01 -9.0227e-02 +1.4253e-01 +1.8658e-01 -4.3953e-01 -2.0126e-01 +8.0328e-01 +2.6149e-01 -2.9402e-01 -2.5827e-01 +1.0110e-02 +2.1373e-01 +4.8317e-01 +8.9326e-01 +2.7548e-01 +7.4124e-01 +5.2004e-01 -3.0550e-01
% function evaluation | noise-free fitness - Fopt (-1.338000000000e+02) | best noise-free fitness - Fopt | measured fitness | best measured fitness | x1 | x2...
1 +3.408697740e+02 +3.408697740e+02 +2.070697740e+02 +2.070697740e+02 +4.2459e-01 -6.2484e-01 -9.9168e-02 +1.1580e-01 -2.0966e-01 +3.6840e-01 -9.8364e-02 -5.7480e-01 +1.4594e-01 +6.4700e-02 -7.1964e-02 -8.0604e-01 -6.3245e-01 +8.5816e-01 -4.5250e-01 +5.2938e-01 -1.4560e-01 -6.7141e-01 +9.1367e-02 +3.2705e-01
