% function evaluation | noise-free fitness - Fopt (-6.211100000000e+02) | best noise-free fitness - Fopt | measured fitness | best measured fitness | x1 | x2...
1 +6.476949593e+08 +6.476949593e+08 +6.476943382e+08 +6.476943382e+08 -5.8872e-01 -1.0396e-01 +5.7019e-01 +2.9492e-01 +1.4669e-01 -2.4831e-01 +4.1080e-01 -2.8484e-01 -6.8500e-02 +2.3029e-01 -6.0756e-01 +3.9162e-01 -4.8576e-01 -3.7301e-01 -1.1217e-01 -4.5078e-01 +3.2805e-01 -2.0610e-01 -8.8840e-02 +6.9030e-01
2 +4.357290427e+08 +4.357290427e+08 +4.357284216e+08 +4.357284216e+08 -5.0646e-01 +7.0510e-01 -1.7353e-01 +4.0692e-01 -2.5341e-01 -4.6201e-02 -2.2449e-01 -3.7999e-01 -6.9013e-01 +3.1557e-02 -7.2734e-01 +2.1918e-01 +4.5973e-01 -3.7835e-01 -1.6809e-01 +1.1430e-01 -1.6033e-01 -6.5134e-01 -5.4724e-01 -3.4993e-01
3 +3.706376864e+08 +3.706376864e+08 +3.706370653e+08 +3.706370653e+08 +2.0467e-01 -1.4840e-01 -1.9721e-01 +6.9707e-01 +1.1388e-01 +4.0165e-01 -6.3992e-02 +8.3515e-01 +5.2069e-01 +6.7405e-01 -4.3534e-01 +2.5046e-01 -1.3506e-02 -9.2168e-02 +6.4095e-01 +2.7832e-01 -1.6475e-01 -1.7590e-02 -2.7942e-02 +8.7611e-02
61 +2.420314424e+08 +2.420314424e+08 +2.420308213e+08 +2.420308213e+08 -1.3870e-01 +3.5669e-01 +7.1445e-02 -8.8737e-01 -8.0689e-01 -3.1087e-01 -6.0744e-01 +1.0062e-01 -4.2524e-01 -8.9735e-02 -4.2236e-01 -7.1468e-01 -2.9312e-01 +7.2643e-01 +2.6824e-01 +4.5199e-01 -4.0964e-01 +6.2982e-01 -3.8316e-01 -3.9088e-01
% function evaluation | noise-free fitness - Fopt (-2.548200000000e+02) | best noise-free fitness - Fopt | measured fitness | best measured fitness | x1 | x2...
1 +8.272359957e+08 +8.272359957e+08 +8.272357409e+08 +8.272357409e+08 -3.8889e-01 +4.2613e-02 -4.8518e-02 +3.0964e-01 +5.4603e-01 -8.6406e-01 +3.0288e-01 -3.6746e-02 +5.0866e-01 -6.7418e-01 +1.8704e-01 +2.6513e-01 +3.7157e-01 +2.9699e-01 +4.3414e-01 +1.4645e-01 -5.3641e-02 +1.7722e-01 -3.6292e-01 -9.7102e-02
6 +4.700894741e+08 +4.700894741e+08 +4.700892193e+08 +4.700892193e+08 +1.5960e-01 +7.9403e-01 +2.0624e-01 -3.5459e-01 -3.2350e-01 +4.7528e-01 +3.2825e-01 -6.4754e-01 -2.5668e-01 +6.7004e-02 +5.1164e-01 +2.4641e-01 +1.3357e-01 +3.9334e-01 +2.0945e-01 -1.6784e-01 +8.9470e-03 -5.5033e-01 -2.1385e-01 -2.3611e-01
13 +3.745327865e+08 +3.745327865e+08 +3.745325317e+08 +3.745325317e+08 +4.9142e-01 +2.9536e-01 +6.2524e-01 +2.4449e-01 -2.0471e-01 +2.3336e-02 -1.4300e-01 +2.3910e-01 -8.9402e-02 -3.1347e-01 +4.2040e-01 +4.7046e-01 +8.5395e-02 +1.1446e-01 +5.9289e-01 -7.9482e-01 -8.9965e-02 +2.0297e-02 -9.5811e-01 -7.6338e-01
% function evaluation | noise-free fitness - Fopt (5.661000000000e+01) | best noise-free fitness - Fopt | measured fitness | best measured fitness | x1 | x2...
1 +2.769148403e+08 +2.769148403e+08 +2.769148969e+08 +2.769148969e+08 +1.9237e-01 -7.7536e-01 -1.8421e-01 -3.3657e-01 +9.3736e-02 +5.2854e-01 -1.5892e-01 -1.4623e-01 -3.2084e-01 -1.2188e-01 -6.5526e-01 +6.3438e-01 -2.8239e-01 +8.2809e-01 -4.8698e-01 -9.7788e-02 -3.2918e-01 -3.5651e-01 -6.9077e-01 -1.0208e-01
2 +2.288037482e+08 +2.288037482e+08 +2.288038048e+08 +2.288038048e+08 +7.3465e-02 -9.6918e-02 +2.4368e-01 +6.5960e-01 -2.8986e-01 -5.8892e-01 +2.1809e-02 +3.3245e-01 -2.0005e-01 +3.9026e-01 -2.1358e-01 +5.5018e-02 -3.6177e-01 +7.3959e-01 -7.3807e-01 +2.6908e-01 +6.9255e-01 +2.7346e-01 +4.8259e-01 -2.6964e-01
% function evaluation | noise-free fitness - Fopt (-1.810000000000e+01) | best noise-free fitness - Fopt | measured fitness | best measured fitness | x1 | x2...
1 +1.567576916e+08 +1.567576916e+08 +1.567576735e+08 +1.567576735e+08 +1.6475e-01 -4.6240e-01 -1.1139e-01 +2.1699e-01 -3.0821e-01 -6.3378e-01 -8.8139e-01 +4.5114e-01 +7.9531e-01 -8.7576e-02 -2.9415e-01 +1.9936e-02 -5.9239e-01 -1.0451e-01 -1.7072e-01 +1.8608e-01 -5.8933e-01 -1.3807e-01 +2.1093e-01 -6.4394e-01
% function evaluation | noise-free fitness - Fopt (3.777000000000e+01) | best noise-free fitness - Fopt | measured fitness | best measured fitness | x1 | x2...
1 +1.116714293e+08 +1.116714293e+08 +1.116714670e+08 +1.116714670e+08 +5.0008e-01 -3.4799e-01 -1.8086e-01 +1.4281e-01 +5.0399e-01 -7.9998e-01 +8.1810e-02 -1.2466e-01 +4.2078e-01 +4.8613e-01 +3.9115e-01 +5.2940e-01 -5.0647e-01 +2.5814e-01 -1.0726e-03 +7.4203e-01 -8.6243e-01 +1.0169e-01 +6.1540e-01 +2.2300e-01
3 +7.971000937e+07 +7.971000937e+07 +7.971004714e+07 +7.971004714e+07 +2.4035e-01 -7.2980e-01 +1.9129e-01 -1.2835e-01 +8.7847e-02 -7.5073e-01 -3.6711e-01 -1.8796e-01 +3.9634e-01 -1.4253e-01 +3.0812e-01 +2.1495e-01 +1.2211e-01 -1.2481e-01 +2.7767e-01 +6.6902e-01 +4.6159e-02 -1.0556e-01 +6.0788e-02 -6.2254e-01
% function evaluation | noise-free fitness - Fopt (-6.720000000000e+01) | best noise-free fitness - Fopt | measured fitness | best measured fitness | x1 | x2...
1 +2.167161310e+08 +2.167161310e+08 +2.167160638e+08 +2.167160638e+08 -1.9564e-01 +3.2747e-01 +4.8827e-02 -6.2816e-01 -5.6676e-01 -8.4347e-01 -1.3402e-01 +2.8021e-01 -2.0905e-01 +5.0466e-01 -1.8420e-02 -2.7891e-01 -6.3740e-01 +8.2152e-01 +5.7717e-02 +1.5379e-01 -4.9046e-01 +2.6223e-01 -8.3294e-02 +3.8908e-01
% function evaluation | noise-free fitness - Fopt (-7.010000000000e+00) | best noise-free fitness - Fopt | measured fitness | best measured fitness | x1 | x2...
1 +3.288156525e+08 +3.288156525e+08 +3.288156455e+08 +3.288156455e+08 +3.0333e-01 +4.7010e-01 +5.1005e-01 -6.9040e-01 +1.5356e-01 -2.9456e-01 +4.5640e-01 -2.8508e-02 -6.0825e-01 +7.4960e-01 +3.3904e-01 -8.5639e-01 -4.6818e-01 +3.2324e-01 +2.6013e-02 -4.5912e-01 -2.1573e-01 -7.5331e-01 +8.8814e-02 +4.7940e-01
2 +2.140268027e+08 +2.140268027e+08 +2.140267957e+08 +2.140267957e+08 -3.4979e-01 +5.8068e-01 +2.7535e-02 -3.8575e-01 +2.6101e-01 -1.2224e-01 -2.2772e-01 -7.9252e-01 -7.0081e-02 +3.1370e-02 +7.5152e-01 +2.1245e-01 -1.0099e-01 +1.4320e-01 -9.8062e-03 -4.5229e-01 +5.4643e-02 -8.7177e-01 -4.8375e-01 -3.7792e-01
% function evaluation | noise-free fitness - Fopt (-1.297300000000e+02) | best noise-free fitness - Fopt | measured fitness | best measured fitness | x1 | x2...
1 +2.753196080e+08 +2.753196080e+08 +2.753194783e+08 +2.753194783e+08 -4.8720e-01 -5.4184e-01 -3.9087e-01 +1.6390e-01 +1.8229e-01 +4.2547e-01 +4.6571e-01 +6.2297e-03 +1.7330e-02 -5.6745e-01 -5.6135e-01 +3.8932e-01 +5.0517e-01 +9.6029e-02 -7.6459e-01 -3.1322e-01 +3.5518e-01 -5.7805e-01 +2.9373e-01 +1.1413e-01
6 +2.111829690e+08 +2.111829690e+08 +2.111828393e+08 +2.111828393e+08 +7.8090e-01 -5.9606e-01 -4.4702e-02 -1.4813e-01 +8.3615e-02 +1.8355e-02 -3.9510e-02 +2.0069e-01 +1.0998e-01 -3.2222e-02 -8.8202e-02 -2.2511e-01 +6.2300e-01 +3.9554e-01 -8.2256e-02 +3.2063e-01 +6.0331e-02 -3.5774e-01 +6.8514e-02 +5.6610e-02
% function evaluation | noise-free fitness - Fopt (1.000000000000e+03) | best noise-free fitness - Fopt | measured fitness | best measured fitness | x1 | x2...
1 +1.180979936e+08 +1.180979936e+08 +1.180989936e+08 +1.180989936e+08 +4.3034e-02 +6.7451e-01 +1.6706e-01 -3.0323e-01 +1.0105e-01 +3.6411e-02 -3.0858e-01 +2.5583e-01 -7.2203e-01 +7.2512e-01 -3.5548e-01 -1.7186e-01 +2.1252e-01 -3.3228e-01 +4.9585e-01 -1.0617e-01 +7.3364e-01 +5.5194e-01 +2.6636e-01 -1.2788e-01
4 +7.919902238e+07 +7.919902238e+07 +7.920002238e+07 +7.920002238e+07 -9.7751e-02 +2.4399e-02 -3.7595e-01 -7.4872e-01 +3.3490e-01 +5.2276e-01 +6.4724e-01 +2.8076e-01 +1.0861e-01 -1.2223e-01 -8.9226e-02 +4.0707e-01 -8.2885e-01 +6.1290e-02 +2.7458e-01 +3.7825e-01 -5.5682e-01 +2.8809e-01 +1.3172e-01 +1.8003e-01
% function evaluation | noise-free fitness - Fopt (-1.152000000000e+02) | best noise-free fitness - Fopt | measured fitness | best measured fitness | x1 | x2...
1 +8.710063156e+08 +8.710063156e+08 +8.710062004e+08 +8.710062004e+08 -2.6417e-01 -5.4667e-02 -2.1029e-01 -2.1683e-01 -1.9097e-01 +6.3236e-01 -6.3083e-01 -4.8399e-03 +2.5153e-01 -2.2554e-02 +4.6156e-01 -7.7552e-01 -3.6430e-02 +3.2738e-01 +7.3191e-01 +4.5198e-01 +4.5994e-01 +5.5903e-01 -2.3942e-01 -4.8260e-02
4 +4.405902930e+08 +4.405902930e+08 +4.405901778e+08 +4.405901778e+08 -1.2381e-01 -2.2624e-01 -2.9671e-01 -3.9504e-01 -8.9196e-01 -3.8594e-01 +5.6857e-01 -9.5671e-01 +4.8029e-01 +2.4203e-01 -4.1812e-01 -2.0727e-01 +4.7195e-01 -1.9663e-01 +1.1627e-01 +2.3163e-01 +6.1322e-01 -6.5228e-01 +6.0166e-01 +4.3548e-01
96 +3.955548599e+08 +3.955548599e+08 +3.955547447e+08 +3.955547447e+08 -1.7752e-01 -9.0731e-01 +7.2676e-01 +3.9529e-01 -5.4016e-01 +5.1493e-02 -4.4789e-01 -5.5523e-01 +5.2491e-02 -1.3270e-01 -3.0406e-01 -1.9990e-01 +4.8481e-02 -3.3772e-01 +6.3410e-01 -7.9589e-02 +9.3739e-03 -2.1435e-01 +4.6209e-01 -1.8837e-01
% function evaluation | noise-free fitness - Fopt (2.616400000000e+02) | best noise-free fitness - Fopt | measured fitness | best measured fitness | x1 | x2...
1 +1.047429082e+08 +1.047429082e+08 +1.047431698e+08 +1.047431698e+08 +6.0717e-01 +2.4901e-02 -2.5550e-01 +7.5016e-02 +5.9856e-01 +2.7220e-01 -3.3869e-01 -4.0611e-01 +7.5758e-01 -3.8505e-01 +7.6044e-02 -4.0113e-01 +1.2660e-01 +2.2390e-01 +3.1253e-02 -3.2478e-01 -6.0860e-01 +4.5247e-02 +5.6030e-01 -5.4705e-02
% function evaluation | noise-free fitness - Fopt (1.000000000000e+03) | best noise-free fitness - Fopt | measured fitness | best measured fitness | x1 | x2...
1 +1.630335152e+08 +1.630335152e+08 +1.630345152e+08 +1.630345152e+08 -5.4364e-01 +9.2465e-01 +7.1288e-01 -2.6242e-01 -7.5634e-01 -5.1532e-01 -4.4558e-01 -2.8370e-01 +1.4342e-01 -1.3189e-01 +1.8828e-01 -9.4868e-02 +5.6562e-01 -7.7955e-01 -1.7351e-01 -6.1361e-02 +2.4233e-01 +1.4135e-01 +2.7894e-01 -3.5048e-01
14 +1.506522130e+08 +1.506522130e+08 +1.506532130e+08 +1.506532130e+08 -6.7076e-01 -6.3786e-02 -1.4868e-01 -5.4300e-01 -4.3848e-01 +2.9607e-01 -2.8095e-01 -5.1291e-01 -2.7381e-01 -4.1651e-01 +1.6608e-01 +8.5737e-01 +3.9788e-01 +5.5672e-01 -4.9368e-01 +8.2627e-01 -4.3432e-02 -6.7303e-01 -3.8930e-01 -2.3154e-01
% function evaluation | noise-free fitness - Fopt (1.737000000000e+01) | best noise-free fitness - Fopt | measured fitness | best measured fitness | x1 | x2...
1 +3.254782267e+08 +3.254782267e+08 +3.254782440e+08 +3.254782440e+08 -2.4644e-01 -6.3358e-01 -2.1097e-01 -3.2438e-01 -3.3991e-01 +6.5292e-01 +3.2935e-01 -4.7963e-01 -1.9833e-01 +1.7373e-01 +1.7268e-01 -7.4184e-01 -5.2289e-01 +1.6233e-01 +1.2658e-01 +1.6980e-01 -1.8719e-01 +4.6761e-01 -4.1228e-01 -7.6932e-02
4 +2.492997866e+08 +2.492997866e+08 +2.492998040e+08 +2.492998040e+08 +1.8920e-01 -2.2128e-03 +7.1095e-01 -4.3285e-01 -1.2699e-02 +1.8853e-01 -5.3280e-01 +1.5191e-01 +2.9007e-01 +3.6419e-01 +7.1351e-02 +1.5337e-01 +5.2152e-01 -6.1195e-02 -8.5855e-01 +7.0975e-01 -1.7696e-01 +2.1502e-01 -4.8015e-01 +4.7805e-01
22 +1.552860408e+08 +1.552860408e+08 +1.552860582e+08 +1.552860582e+08 +9.7041e-02 +2.7139e-01 +7.9478e-01 +6.8501e-01 +5.4095e-01 -6.2982e-02 -1.6018e-01 -3.0281e-01 +9.8188e-01 -2.7974e-01 -1.0567e-01 +4.3820e-01 +6.0248e-01 +3.4685e-01 -3.6413e-01 +4.2316e-01 -4.4994e-02 +9.2613e-01 -3.3172e-02 +8.0204e-01
% function evaluation | noise-free fitness - Fopt (1.541700000000e+02) | best noise-free fitness - Fopt | measured fitness | best measured fitness | x1 | x2...
1 +9.615931358e+08 +9.615931358e+08 +9.615932900e+08 +9.615932900e+08 -3.8981e-01 +2.1272e-02 +2.9751e-01 +3.6919e-01 +4.6367e-02 -9.6754e-01 -8.1361e-01 -4.8704e-01 +1.9270e-01 +4.8085e-01 +6.2789e-01 +9.3210e-02 +1.0616e-01 -1.8293e-01 +4.9238e-01 -6.5490e-02 -8.4211e-02 +1.4945e-01 -7.0458e-01 +7.0789e-01
27 +5.943006157e+08 +5.943006157e+08 +5.943007698e+08 +5.943007698e+08 -1.3137e-01 +6.3854e-01 -5.2383e-01 -1.2105e-01 +3.0885e-02 -4.7001e-01 +3.0117e-01 -9.4923e-03 +6.8883e-01 +1.6132e-01 +4.2029e-01 -1.0025e-01 +9.7819e-01 +3.2865e-01 +6.0912e-01 +2.6927e-01 +5.4779e-01 +7.4699e-01 +1.5279e-01 -5.1601e-02
% function evaluation | noise-free fitness - Fopt (4.983000000000e+01) | best noise-free fitness - Fopt | measured fitness | best measured fitness | x1 | x2...
1 +1.211954776e+08 +1.211954776e+08 +1.211955274e+08 +1.211955274e+08 +2.7849e-01 +4.8519e-01 -2.7900e-01 +2.1917e-01 -8.3136e-01 +4.8113e-01 +1.2333e-01 +4.8921e-01 +1.3161e-01 -2.5617e-01 -1.4428e-01 -6.8489e-02 +4.5356e-01 +5.4438e-01 -5.0701e-01 +3.5859e-01 +1.4933e-01 -1.8668e-01 -2.9195e-01 -1.9294e-02
5 +9.390418700e+07 +9.390418700e+07 +9.390423683e+07 +9.390423683e+07 +1.4568e-01 -7.2476e-01 +8.2307e-03 +3.6307e-01 +6.2728e-01 +1.3505e-01 +5.0269e-01 -5.5379e-03 -9.4976e-02 +7.5028e-02 +8.0265e-01 -2.5120e-01 -3.9370e-01 +3.3655e-01 +6.9681e-02 +8.9833e-02 -1.6690e-01 +3.7196e-02 -4.2616e-03 +5.6048e-01
