% function evaluation | noise-free fitness - Fopt (-1.694000000000e+01) | best noise-free fitness - Fopt | measured fitness | best measured fitness | x1 | x2...
1 +4.096832395e+01 +4.096832395e+01 +2.402832395e+01 +2.402832395e+01 +5.3770e-02 +5.7402e-02 -4.0860e-01 -2.1594e-01 +3.5821e-02 +5.8700e-01 -3.7841e-01 -6.1343e-01 +3.3836e-01 +4.7044e-01 +1.2819e-01 -4.4827e-01 -7.4669e-01 -3.4391e-01 -9.0515e-01 -4.2124e-01 +2.9136e-01 +6.7599e-01 -4.7535e-01 +5.2875e-01
6 +3.691541186e+01 +3.691541186e+01 +1.997541186e+01 +1.997541186e+01 -1.6138e-01 -4.4088e-01 +1.7346e-01 -2.0826e-01 +2.0904e-01 -1.8439e-01 +7.2753e-01 +4.4878e-01 +2.3898e-01 +1.7796e-01 +5.4110e-02 -9.8099e-02 +3.9124e-01 -6.7973e-01 +5.0375e-02 -4.0938e-01 -1.9548e-01 +3.6860e-01 +2.5654e-02 +5.8846e-01
% function evaluation | noise-free fitness - Fopt (1.881000000000e+01) | best noise-free fitness - Fopt | measured fitness | best measured fitness | x1 | x2...
1 +1.551882951e+01 +1.551882951e+01 +3.432882951e+01 +3.432882951e+01 +8.0406e-01 +9.5369e-01 +1.5887e-01 -1.4015e-01 +3.0831e-01 -2.8480e-01 -4.4975e-01 -3.6119e-03 -3.6120e-01 +4.9136e-01 +2.0633e-01 -7.4831e-02 +2.3239e-01 -3.1189e-02 +5.1901e-01 +2.5890e-01 +1.5571e-01 +4.5416e-01 -2.6928e-01 -4.9657e-01
19 +9.895665316e+00 +9.895665316e+00 +2.870566532e+01 +2.870566532e+01 +1.1700e-01 +1.8320e-01 -1.9390e-01 -4.8821e-01 +1.4517e-01 -3.9722e-02 +3.0560e-01 -1.8958e-01 +2.6105e-01 +7.3271e-02 +5.9645e-03 -5.1855e-01 -8.3488e-02 -4.6475e-01 -6.8301e-01 -5.1005e-01 +1.5093e-01 +3.8277e-01 +2.4203e-01 +1.5881e-01
% function evaluation | noise-free fitness - Fopt (2.731500000000e+02) | best noise-free fitness - Fopt | measured fitness | best measured fitness | x1 | x2...
1 +4.982033216e+01 +4.982033216e+01 +3.229703322e+02 +3.229703322e+02 -8.5955e-01 -1.8918e-01 -1.5906e-01 -2.8439e-01 +1.1755e-01 +4.4117e-01 +8.6896e-01 +2.4935e-01 +1.2114e-01 +1.7463e-02 +1.7452e-01 +8.6544e-01 +5.1696e-02 +5.4088e-01 +3.8491e-01 -7.5572e-01 -3.4374e-01 -2.7472e-01 +2.2684e-01 +3.7917e-01
2 +3.654717982e+01 +3.654717982e+01 +3.096971798e+02 +3.096971798e+02 +3.3069e-01 -1.1892e-01 -1.7806e-01 +3.2979e-01 -1.1450e-01 -3.9511e-02 -8.9887e-01 -7.0816e-02 +8.0824e-01 -1.9063e-01 +6.9932e-01 +4.0093e-01 +4.2531e-02 +5.0106e-01 +3.0655e-01 -1.5610e-01 +7.6552e-01 +9.5429e-02 +2.1682e-01 -7.8029e-01
% function evaluation | noise-free fitness - Fopt (3.718000000000e+01) | best noise-free fitness - Fopt | measured fitness | best measured fitness | x1 | x2...
1 +1.360661489e+01 +1.360661489e+01 +5.078661489e+01 +5.078661489e+01 -1.2683e-01 -3.5210e-01 -3.7476e-01 +3.5384e-01 -6.8080e-01 +2.8943e-03 +5.3833e-01 -1.7709e-03 +7.0732e-01 +6.3209e-01 -2.1223e-01 +5.2584e-01 +2.0286e-01 -3.6227e-01 +3.6971e-01 +3.3832e-01 +3.9774e-01 +1.0784e-01 +4.4126e-01 +2.1468e-01
41 +9.178687651e+00 +9.178687651e+00 +4.635868765e+01 +4.635868765e+01 -1.6839e-01 -3.5324e-01 +6.4749e-01 -4.1799e-01 -2.2294e-01 -3.9070e-02 -1.7257e-01 -7.6018e-01 -2.4357e-01 +2.6109e-01 -3.8937e-01 +4.5691e-01 +2.2017e-01 +4.2313e-01 +4.4884e-01 -1.5132e-01 -4.4117e-01 -8.7858e-01 -3.9768e-02 +1.7428e-02
% function evaluation | noise-free fitness - Fopt (-1.479000000000e+02) | best noise-free fitness - Fopt | measured fitness | best measured fitness | x1 | x2...
1 +1.560101472e+01 +1.560101472e+01 -1.322989853e+02 -1.322989853e+02 +8.1712e-01 +4.5908e-01 -4.9821e-01 -5.0586e-01 -5.0455e-02 -6.0077e-01 +2.7716e-01 +1.5457e-01 +2.4629e-01 -2.5864e-01 +1.0904e-01 -2.8457e-01 +3.4749e-01 -5.2031e-02 +2.5797e-01 +2.6188e-01 +3.2339e-01 +5.5899e-01 +5.8770e-02 +6.5092e-01
% function evaluation | noise-free fitness - Fopt (1.162600000000e+02) | best noise-free fitness - Fopt | measured fitness | best measured fitness | x1 | x2...
1 +2.323306893e+01 +2.323306893e+01 +1.394930689e+02 +1.394930689e+02 +4.6549e-01 -2.4566e-01 +6.4805e-01 -1.8794e-01 -1.7321e-01 +2.4158e-01 -1.1486e-01 -1.6619e-02 +3.4447e-01 -3.4833e-01 +5.3089e-01 +6.7928e-01 -5.2178e-01 +6.6347e-02 +8.9443e-02 -7.7040e-02 +1.0222e-01 -6.0561e-01 +1.7767e-01 -2.9399e-01
2 +1.479650658e+01 +1.479650658e+01 +1.310565066e+02 +1.310565066e+02 -7.2508e-02 -2.1708e-01 -2.6727e-02 +3.3696e-01 -2.3419e-01 +3.9275e-01 +9.1790e-03 +1.2597e-02 -8.9886e-02 +3.0425e-01 -7.0705e-01 +1.3090e-01 -4.9584e-01 -5.8178e-01 -7.7314e-02 -4.1714e-03 +7.1868e-02 -3.5024e-02 +2.5852e-01 -6.1076e-01
10 +8.976059151e+00 +8.976059151e+00 +1.252360592e+02 +1.252360592e+02 +1.2559e-01 -5.8389e-01 -4.1599e-01 -6.2103e-01 +1.7634e-01 +4.0335e-01 +7.2044e-01 +1.9486e-01 -2.3667e-02 +1.2339e-01 -7.7275e-01 +2.0415e-01 +8.1928e-01 -2.1665e-01 +1.1841e-01 +2.8943e-01 -4.1418e-01 -4.7169e-01 -3.3546e-01 -1.3193e-01
% function evaluation | noise-free fitness - Fopt (-1.000000000000e+03) | best noise-free fitness - Fopt | measured fitness | best measured fitness | x1 | x2...
1 +1.250752171e+01 +1.250752171e+01 -9.874924783e+02 -9.874924783e+02 -1.8509e-01 -4.4630e-01 -8.1340e-03 +4.8844e-01 +1.9170e-01 +6.6949e-01 +2.9272e-01 -5.7196e-01 -2.6968e-01 +6.6969e-02 +9.7401e-02 -6.1113e-01 +1.6664e-01 +2.3928e-01 +5.0963e-02 -1.9072e-01 -2.8887e-01 -1.9157e-01 +2.6125e-01 -2.6369e-01
36 +9.637321377e+00 +9.637321377e+00 -9.903626786e+02 -9.903626786e+02 +2.4711e-02 +5.6787e-02 -1.5407e-01 +1.4569e-01 -2.0547e-01 +4.3402e-01 +8.2119e-01 +2.3420e-01 +1.4969e-02 -6.2811e-01 -1.4068e-01 +1.3353e-02 -1.1528e-01 -2.5500e-02 -4.7344e-01 -6.8406e-01 -7.3849e-02 -1.6671e-01 +9.2604e-02 +6.0644e-01
% function evaluation | noise-free fitness - Fopt (-9.193000000000e+01) | best noise-free fitness - Fopt | measured fitness | best measured fitness | x1 | x2...
1 +3.037946301e+01 +3.037946301e+01 -6.155053699e+01 -6.155053699e+01 +7.3946e-02 -2.1031e-01 -2.5412e-01 +6.9764e-01 -5.6373e-01 -2.6425e-01 +2.3868e-01 +3.3239e-01 -1.0279e-02 -4.6605e-02 +3.3123e-01 +3.2266e-01 -3.0807e-02 -5.8042e-02 -2.4585e-01 -4.0685e-01 +2.6245e-01 -5.6400e-01 +3.6258e-01 -5.8808e-03
9 +2.397596160e+01 +2.397596160e+01 -6.795403840e+01 -6.795403840e+01 +9.6904e-04 -8.6533e-02 -4.1579e-01 +5.7187e-01 -3.3977e-01 -4.8598e-01 +5.2333e-01 +6.8454e-01 +2.5149e-01 -5.7356e-01 -4.3065e-01 +6.8504e-01 +7.3526e-02 +1.4898e-01 +6.9182e-02 -1.3005e-01 -4.5989e-01 +5.5149e-01 -2.0218e-01 +9.5275e-02
% function evaluation | noise-free fitness - Fopt (1.487500000000e+02) | best noise-free fitness - Fopt | measured fitness | best measured fitness | x1 | x2...
1 +2.077805148e+01 +2.077805148e+01 +1.695280515e+02 +1.695280515e+02 -4.6103e-02 +1.3010e-01 -2.2170e-01 -1.3658e-01 -3.2780e-01 +5.8372e-01 -4.7738e-01 +2.6102e-01 +7.1629e-01 +1.4218e-01 +5.9513e-02 +2.2540e-01 +7.4910e-02 -5.7232e-02 -8.6681e-02 +1.5973e-01 -2.0161e-01 +1.5560e-01 +3.5138e-01 +5.5336e-01
57 +1.509000265e+01 +1.509000265e+01 +1.638400027e+02 +1.638400027e+02 +3.6978e-01 -1.3016e-03 +6.2114e-01 +5.8502e-01 -3.8560e-01 +6.8657e-01 +4.7647e-01 -8.3049e-02 +6.0424e-02 +4.2127e-01 +6.6550e-01 -3.9543e-01 +3.0903e-02 -5.3646e-01 -8.0976e-01 -6.9246e-01 +3.5906e-01 -3.8436e-01 +3.6418e-01 -5.1246e-01
% function evaluation | noise-free fitness - Fopt (-1.483000000000e+02) | best noise-free fitness - Fopt | measured fitness | best measured fitness | x1 | x2...
1 +1.344065207e+01 +1.344065207e+01 -1.348593479e+02 -1.348593479e+02 +1.7351e-01 -5.2328e-01 -1.8067e-02 +7.0129e-01 -1.4167e-01 -4.8267e-01 +8.0579e-02 +4.2682e-02 -8.1821e-02 +4.5205e-01 +3.5437e-01 -4.8025e-01 +2.2490e-02 -4.8231e-01 -1.9931e-01 +3.3076e-01 +3.2535e-02 -4.5007e-01 -3.8558e-01 -4.7904e-02
% function evaluation | noise-free fitness - Fopt (1.702000000000e+01) | best noise-free fitness - Fopt | measured fitness | best measured fitness | x1 | x2...
1 +1.322061792e+01 +1.322061792e+01 +3.024061792e+01 +3.024061792e+01 +4.7781e-01 -2.5686e-01 +5.4833e-01 -4.4063e-01 +8.3941e-02 +5.8802e-01 -2.2155e-01 +9.2136e-01 -6.0354e-01 -2.0233e-01 -1.4831e-02 +5.3655e-02 -2.4042e-01 -2.2558e-02 -4.6440e-01 +4.9563e-01 +6.4072e-01 -4.4255e-01 +3.6228e-02 +2.5871e-01
% function evaluation | noise-free fitness - Fopt (-2.202000000000e+02) | best noise-free fitness - Fopt | measured fitness | best measured fitness | x1 | x2...
1 +1.233730600e+01 +1.233730600e+01 -2.078626940e+02 -2.078626940e+02 +1.5470e-01 +3.7797e-01 -5.4002e-01 -4.3355e-01 +5.6344e-02 +5.0693e-01 +3.5391e-01 -5.3681e-02 -5.1122e-01 +7.3124e-01 -7.7280e-02 -9.9107e-02 +5.4776e-01 +3.8353e-01 -1.4960e-01 -2.1546e-01 -5.0558e-01 +4.3383e-01 +2.3615e-01 +2.8997e-01
92 +9.357119744e+00 +9.357119744e+00 -2.108428803e+02 -2.108428803e+02 +9.9591e-02 +3.8242e-02 -8.1208e-01 +2.6600e-01 -8.3677e-03 +7.0495e-01 -1.9444e-01 -7.8192e-01 -6.8866e-01 -3.8423e-01 +6.0443e-01 -9.2614e-02 +6.7128e-01 +2.8518e-01 -8.2424e-01 +5.0811e-01 -3.1350e-02 +7.8302e-01 +3.8697e-02 +4.2033e-01
% function evaluation | noise-free fitness - Fopt (-2.041000000000e+01) | best noise-free fitness - Fopt | measured fitness | best measured fitness | x1 | x2...
1 +1.521119203e+01 +1.521119203e+01 -5.198807969e+00 -5.198807969e+00 +2.8801e-01 -4.6088e-01 -6.9245e-01 +3.1499e-01 -5.1205e-01 -2.4852e-01 +5.7070e-02 -7.6551e-01 -3.2350e-01 +2.3776e-02 -6.2358e-01 -4.5355e-02 -2.2572e-01 +3.7982e-01 -5.0928e-02 +4.8508e-01 +5.4004e-02 -8.0187e-01 +2.1116e-01 -2.5391e-01
% function evaluation | noise-free fitness - Fopt (6.081000000000e+01) | best noise-free fitness - Fopt | measured fitness | best measured fitness | x1 | x2...
1 +1.911559249e+01 +1.911559249e+01 +7.992559249e+01 +7.992559249e+01 +1.7532e-01 -3.2683e-02 -7.2126e-01 -7.3279e-01 +1.7133e-01 +1.0910e-01 +4.5526e-01 +7.8048e-01 +5.0566e-01 -1.3343e-01 +4.5770e-01 +8.6570e-01 +4.2316e-01 -1.4391e-03 +4.4911e-01 -2.6462e-01 -5.8055e-02 +1.5123e-01 +2.4121e-01 -4.4461e-01
7 +1.350971697e+01 +1.350971697e+01 +7.431971697e+01 +7.431971697e+01 +3.7188e-01 -3.1489e-01 +6.7497e-01 -1.0974e-01 -1.0266e-01 +3.1012e-01 -1.5904e-01 +4.4588e-02 -4.4110e-01 +3.6564e-01 -7.5508e-02 -6.2678e-01 -8.9113e-01 -8.8165e-01 -6.5632e-02 -4.5913e-02 +3.4475e-01 +5.2320e-01 +2.5672e-01 +1.8996e-01
% function evaluation | noise-free fitness - Fopt (-6.176300000000e+02) | best noise-free fitness - Fopt | measured fitness | best measured fitness | x1 | x2...
1 +2.688710261e+01 +2.688710261e+01 -5.907428974e+02 -5.907428974e+02 -6.8595e-01 -2.2753e-01 +4.0026e-01 -6.9577e-01 +6.2839e-01 -9.8871e-02 +8.3205e-02 +5.8018e-01 +1.4084e-01 +6.2634e-01 -2.7852e-01 -7.3931e-01 +3.2560e-01 -1.2098e-01 +5.5054e-01 -7.2729e-01 -3.4813e-01 -1.4000e-02 +3.3071e-01 +4.5575e-01
3 +2.480844594e+01 +2.480844594e+01 -5.928215541e+02 -5.928215541e+02 +5.1204e-01 -6.8184e-01 -2.2036e-01 -2.1686e-01 -6.7088e-01 -1.5224e-01 +1.6635e-02 +2.3783e-01 +5.2088e-01 +6.8143e-03 -2.1909e-01 +3.5564e-01 +3.4523e-02 +4.4034e-01 -6.6867e-01 +3.3420e-01 -3.3261e-01 -4.0290e-02 -8.7662e-02 +2.0386e-01
