% function evaluation | noise-free fitness - Fopt (-1.025500000000e+02) | best noise-free fitness - Fopt | measured fitness | best measured fitness | x1 | x2...
1 +1.157450141e+01 +1.157450141e+01 -9.097549859e+01 -9.097549859e+01 -1.7863e-01 +1.2190e-01 -1.9919e-01 +1.4505e-01 +3.0376e-02 +3.5015e-01 +9.7605e-02 -3.4985e-01 -1.7404e-01 +4.0546e-01 -2.2391e-01 +7.8513e-01 +2.6409e-01 +3.8692e-01 +2.8508e-01 +2.8225e-01 -2.7710e-01 -4.8113e-01 -3.1543e-02 -2.6854e-01
2 +9.893783778e+00 +9.893783778e+00 -9.265621622e+01 -9.265621622e+01 -1.3233e-01 -3.7929e-01 -4.6872e-01 +6.6117e-02 +2.1091e-01 -5.3203e-01 -5.1630e-01 -4.4671e-01 -2.6725e-01 +2.1756e-01 +7.9690e-01 +7.1030e-01 -3.5597e-01 -1.9464e-01 +2.7723e-01 -1.6653e-01 +1.0729e-01 -1.4673e-01 +7.9798e-01 +3.8537e-01
27 +5.975400648e+00 +5.975400648e+00 -9.657459935e+01 -9.657459935e+01 +4.1091e-01 +2.4010e-02 -3.5019e-02 -4.3155e-01 -4.0075e-01 -1.8531e-01 -7.5078e-01 +2.3870e-01 +2.9604e-01 -4.3232e-01 +2.3306e-01 +2.2470e-01 +2.8545e-01 -2.3840e-01 +6.4503e-01 +9.4357e-02 -2.7574e-01 -2.7647e-02 +3.2554e-01 +4.8009e-01
% function evaluation | noise-free fitness - Fopt (7.169000000000e+01) | best noise-free fitness - Fopt | measured fitness | best measured fitness | x1 | x2...
1 +8.226129745e+00 +8.226129745e+00 +7.991612974e+01 +7.991612974e+01 -1.6692e-01 +2.4992e-01 -8.4250e-01 +9.2196e-01 +3.7603e-01 -6.1505e-01 +4.1572e-01 +2.7170e-01 +4.7399e-01 -2.9329e-01 +2.8859e-01 -3.4609e-01 +6.5315e-02 -1.4449e-01 -1.0274e-01 +9.8307e-02 -2.4832e-01 -3.3929e-01 +9.2336e-02 -3.3922e-01
48 +5.941409254e+00 +5.941409254e+00 +7.763140925e+01 +7.763140925e+01 -1.2340e-01 +1.9842e-02 +2.2577e-01 +7.9525e-04 +3.9477e-01 -2.0096e-01 +1.5403e-01 -6.5099e-01 +2.6570e-02 -3.7569e-01 +4.7744e-01 +2.2209e-01 +5.1027e-01 -2.1498e-02 +1.8225e-01 +3.7249e-01 -2.1114e-02 -2.1952e-01 +1.6915e-01 -3.0133e-01
% function evaluation | noise-free fitness - Fopt (2.140100000000e+02) | best noise-free fitness - Fopt | measured fitness | best measured fitness | x1 | x2...
1 +9.197680392e+00 +9.197680392e+00 +2.232076804e+02 +2.232076804e+02 +1.7174e-01 -2.7557e-01 +3.2465e-01 -4.3696e-01 +2.8839e-01 +3.1114e-01 -6.5990e-01 -8.3178e-01 -3.7487e-01 +1.6282e-01 -1.8326e-01 +2.4158e-01 -1.0145e-02 -5.1467e-01 -5.7630e-01 +6.6312e-01 -2.2638e-02 +1.3939e-01 +1.0068e-01 +7.0438e-01
38 +5.999763005e+00 +5.999763005e+00 +2.200097630e+02 +2.200097630e+02 +4.8744e-01 -2.7210e-02 +2.3299e-01 +3.6222e-01 -4.8840e-01 -3.4038e-01 +2.3191e-01 -3.2233e-01 -3.1810e-01 -6.1764e-01 +2.9233e-01 -4.9694e-01 +4.2614e-01 -5.1466e-01 +8.0206e-01 +4.3782e-01 -6.5962e-02 -1.2763e-01 +4.9134e-01 -6.4122e-02
% function evaluation | noise-free fitness - Fopt (-5.848000000000e+01) | best noise-free fitness - Fopt | measured fitness | best measured fitness | x1 | x2...
1 +1.036957445e+01 +1.036957445e+01 -4.811042555e+01 -4.811042555e+01 +1.9822e-01 -4.2183e-01 +5.5331e-01 -6.4979e-02 -8.9506e-02 -8.6178e-01 +7.1928e-01 +8.7481e-01 -6.3481e-01 -1.8621e-01 +1.3354e-02 -2.6067e-01 +1.8899e-01 +2.0895e-01 +2.3694e-01 +5.0200e-02 -8.0072e-02 -3.2350e-01 +2.8217e-01 -4.0538e-01
3 +7.471227049e+00 +7.471227049e+00 -5.100877295e+01 -5.100877295e+01 -7.5538e-01 +7.5125e-01 +4.9080e-01 -5.1585e-01 +3.1650e-01 -6.7998e-01 +4.7632e-01 -5.6303e-01 +3.3221e-01 -6.1892e-01 +5.0505e-01 -6.7103e-01 -3.4682e-01 -4.0526e-01 +3.9995e-01 +7.1595e-02 +4.5597e-01 -3.0339e-01 -2.4478e-01 +1.7579e-01
15 +5.666328357e+00 +5.666328357e+00 -5.281367164e+01 -5.281367164e+01 -3.1578e-01 -2.4651e-01 +3.1154e-01 +5.7231e-01 -5.3731e-02 +7.3156e-02 +7.3966e-02 +3.3082e-01 +3.9372e-01 -4.7828e-01 -5.8277e-01 -1.9680e-01 -1.0137e-01 +2.1540e-01 +4.5314e-01 +6.6845e-03 -5.0376e-01 -6.7723e-02 +1.5827e-01 -2.5981e-02
% function evaluation | noise-free fitness - Fopt (-6.130800000000e+02) | best noise-free fitness - Fopt | measured fitness | best measured fitness | x1 | x2...
1 +1.133583201e+01 +1.133583201e+01 -6.017441680e+02 -6.017441680e+02 -1.2581e-01 +7.9682e-01 -4.1647e-01 +7.1965e-01 +4.8521e-01 -7.9411e-03 +5.4278e-01 +5.6378e-02 -5.8312e-01 -6.3268e-01 -3.8881e-01 +5.8812e-01 -6.7248e-01 +9.5320e-02 +3.5226e-01 +8.2923e-01 +1.6320e-01 +2.6892e-01 +6.3182e-02 -1.9687e-01
2 +8.440301551e+00 +8.440301551e+00 -6.046396984e+02 -6.046396984e+02 -1.5746e-01 +6.7823e-01 +1.1412e-01 -8.1265e-01 -2.6218e-01 +1.3419e-01 -4.7233e-01 +7.8839e-01 +4.2773e-01 -4.9682e-01 +7.6111e-02 -4.2691e-02 +3.1775e-01 -2.7801e-01 -9.0378e-01 -7.1749e-01 -2.5893e-01 -3.9487e-01 +2.9181e-03 +5.0709e-02
87 +6.074196629e+00 +6.074196629e+00 -6.070058034e+02 -6.070058034e+02 -9.5277e-02 -1.4480e-01 -9.8668e-02 +2.1754e-01 -7.3912e-01 -4.4611e-01 +8.5231e-02 +1.0241e-01 -4.8643e-01 -7.0177e-01 -5.4860e-01 -3.3113e-01 +6.9766e-01 -2.8957e-01 +3.1197e-01 -5.0279e-01 +7.7820e-02 +1.7581e-01 -8.7789e-01 +6.4345e-01
% function evaluation | noise-free fitness - Fopt (-1.000000000000e+03) | best noise-free fitness - Fopt | measured fitness | best measured fitness | x1 | x2...
1 +1.065139884e+01 +1.065139884e+01 -9.893486012e+02 -9.893486012e+02 -6.0326e-01 -3.7162e-01 -3.4859e-01 +3.7774e-01 +5.5753e-01 +1.0093e-01 -1.3923e-01 +5.1932e-01 -7.0269e-01 -8.8673e-01 +5.5533e-01 -1.1365e-01 -8.4597e-01 +1.8052e-01 +1.2970e-01 +1.0592e-01 -8.0826e-01 +3.4655e-02 -4.6526e-01 -8.3262e-02
2 +9.801278022e+00 +9.801278022e+00 -9.901987220e+02 -9.901987220e+02 -4.0708e-01 +1.5887e-01 +5.3746e-01 +6.3254e-02 +6.8080e-01 -6.0122e-02 +3.1337e-01 +2.4978e-01 -8.5901e-01 +2.8059e-01 -4.1291e-03 -2.0742e-02 +1.9781e-01 +1.4444e-01 +1.3588e-01 -1.1670e-01 -2.0480e-03 +5.1141e-01 +5.6763e-02 +9.7553e-02
31 +6.307317451e+00 +6.307317451e+00 -9.936926825e+02 -9.936926825e+02 +2.9953e-01 -6.1885e-01 -5.2363e-01 -6.5555e-01 -5.2110e-01 +6.0508e-01 +3.2631e-01 +3.5278e-01 +3.0745e-01 -6.0995e-01 -6.4891e-02 +7.4014e-01 +4.5814e-01 -2.8869e-01 -8.6741e-01 +3.9572e-01 -5.5519e-01 +4.4828e-01 +2.2190e-01 -3.9185e-01
% function evaluation | noise-free fitness - Fopt (-4.841800000000e+02) | best noise-free fitness - Fopt | measured fitness | best measured fitness | x1 | x2...
1 +1.055538101e+01 +1.055538101e+01 -4.736246190e+02 -4.736246190e+02 -8.5371e-02 +1.9606e-01 -1.4379e-01 -1.1484e-01 -4.2924e-01 -7.9410e-01 -6.8846e-02 -5.6838e-01 -1.1418e-01 -8.4102e-01 +2.1902e-01 -7.7940e-01 +4.5336e-01 +6.6305e-02 +7.1469e-01 +4.5922e-01 -3.1596e-01 +6.6987e-01 -1.8385e-01 +2.8150e-01
2 +9.255175854e+00 +9.255175854e+00 -4.749248241e+02 -4.749248241e+02 -1.8679e-01 -1.8350e-01 +8.0500e-01 +1.4566e-02 +2.3435e-01 +2.7616e-01 +3.6076e-01 +1.0169e-01 +2.7552e-01 -3.4397e-01 +1.7900e-01 -3.8353e-01 -8.2695e-01 -2.5366e-01 +1.6628e-01 +6.8077e-02 +5.8926e-02 -2.1681e-01 +2.2414e-02 +1.0941e-01
63 +5.901215116e+00 +5.901215116e+00 -4.782787849e+02 -4.782787849e+02 -2.0530e-01 +2.9345e-01 -6.8953e-01 +7.4309e-01 +1.6128e-01 -2.6783e-01 -1.8154e-01 +5.4471e-02 +5.6424e-01 -5.0025e-01 -4.3426e-01 -3.8139e-01 +6.0356e-02 +6.1771e-01 +6.0018e-01 -3.5825e-01 -6.0133e-01 +2.2242e-01 +3.5224e-01 -5.2322e-02
% function evaluation | noise-free fitness - Fopt (-2.504000000000e+01) | best noise-free fitness - Fopt | measured fitness | best measured fitness | x1 | x2...
1 +8.449120516e+00 +8.449120516e+00 -1.659087948e+01 -1.659087948e+01 -8.0557e-01 +2.5720e-01 +1.5674e-01 -6.8730e-01 +6.9822e-02 +2.6403e-01 -1.7383e-01 -5.2017e-01 -2.2562e-02 -2.5307e-01 -4.6634e-01 -6.9909e-01 -3.3141e-01 +8.2972e-02 +2.7738e-01 +6.2373e-01 -5.8158e-01 +8.2567e-01 -4.9262e-01 -5.1697e-01
27 +5.264388342e+00 +5.264388342e+00 -1.977561166e+01 -1.977561166e+01 -3.7935e-01 +2.0040e-01 -4.2870e-01 -8.2193e-01 +2.0467e-01 -2.3355e-01 -6.8924e-01 -1.5639e-01 +1.1119e-01 -3.2401e-02 -6.0632e-02 -8.4398e-02 -2.1575e-01 -8.7943e-02 +2.1384e-01 +1.3647e-01 +5.3094e-01 -1.8764e-01 +9.9147e-02 -3.6028e-01
% function evaluation | noise-free fitness - Fopt (-1.411900000000e+02) | best noise-free fitness - Fopt | measured fitness | best measured fitness | x1 | x2...
1 +6.657613968e+00 +6.657613968e+00 -1.345323860e+02 -1.345323860e+02 -2.6202e-01 +1.4052e-01 -5.6394e-01 -1.7044e-01 -2.6387e-01 -7.0223e-01 -2.2460e-02 +8.4646e-01 -1.2937e-01 -2.5893e-01 +5.0116e-01 +7.1869e-01 +3.8868e-01 +4.2601e-01 -2.7388e-01 -3.8737e-01 -2.6582e-01 -3.2834e-01 +1.0300e-01 -3.5068e-01
31 +6.126542697e+00 +6.126542697e+00 -1.350634573e+02 -1.350634573e+02 -4.9003e-01 -8.4066e-01 -4.8507e-02 +1.9401e-01 -1.8062e-01 +3.2637e-01 -3.2017e-03 -3.7984e-01 +2.7417e-01 -1.3491e-01 +1.5191e-01 +4.1052e-01 +5.1244e-01 +6.8065e-01 -1.6523e-01 +1.7059e-01 -3.1830e-01 +6.2153e-01 -3.0368e-01 +7.2120e-01
% function evaluation | noise-free fitness - Fopt (4.889000000000e+02) | best noise-free fitness - Fopt | measured fitness | best measured fitness | x1 | x2...
1 +9.279812418e+00 +9.279812418e+00 +4.981798124e+02 +4.981798124e+02 -1.4882e-01 +1.1305e-02 +1.6126e-01 +1.8995e-01 +3.5208e-02 -1.3188e-01 -3.5844e-01 -7.2501e-01 +6.3724e-02 +2.3237e-01 -8.2504e-01 +1.8234e-01 +7.2248e-01 +4.7419e-01 +3.3392e-01 +2.9207e-01 -4.4162e-01 +1.2842e-01 +2.3937e-02 -1.8249e-02
9 +5.660036581e+00 +5.660036581e+00 +4.945600366e+02 +4.945600366e+02 +3.4797e-01 -7.3580e-01 +8.0119e-02 +2.0798e-01 +4.6539e-01 -6.2538e-01 +7.9487e-01 +4.5782e-01 +3.4060e-01 +1.5572e-01 +9.0099e-01 +1.0467e-01 +2.0809e-01 -8.9456e-02 +9.5771e-02 +3.7585e-01 -8.6033e-02 -1.7876e-02 +1.0010e-02 -6.0222e-01
% function evaluation | noise-free fitness - Fopt (1.190000000000e+00) | best noise-free fitness - Fopt | measured fitness | best measured fitness | x1 | x2...
1 +9.996320645e+00 +9.996320645e+00 +1.118632065e+01 +1.118632065e+01 -2.8486e-01 -2.9413e-01 -3.5082e-01 +2.7038e-01 -8.1599e-01 -5.6506e-01 +5.4728e-01 +8.1540e-02 +4.8006e-01 -4.3476e-02 +1.3213e-01 +1.8572e-01 -7.5434e-03 -2.6653e-02 +4.3928e-01 +7.3751e-01 -4.8173e-01 -6.6666e-01 -6.6984e-01 +1.6337e-01
% function evaluation | noise-free fitness - Fopt (-6.097000000000e+01) | best noise-free fitness - Fopt | measured fitness | best measured fitness | x1 | x2...
1 +1.245442190e+01 +1.245442190e+01 -4.851557810e+01 -4.851557810e+01 -6.7268e-01 -5.1513e-02 +2.1015e-01 -9.1815e-02 +4.8285e-01 +2.6261e-01 +4.8979e-02 +7.1679e-02 -9.3439e-01 -9.0772e-02 +4.5627e-03 -1.6699e-01 -2.7638e-01 -9.6610e-01 +2.5163e-01 +9.4257e-01 +3.2717e-01 -7.1762e-01 -1.8344e-01 +1.8743e-02
2 +8.161301807e+00 +8.161301807e+00 -5.280869819e+01 -5.280869819e+01 -2.0318e-01 +4.6612e-01 -7.4838e-01 +1.6189e-01 -2.9948e-01 -8.4017e-01 +5.6760e-02 +4.6438e-02 -6.3200e-02 -1.0915e-01 -5.2892e-01 -3.4162e-01 +4.4983e-02 -3.8815e-01 -7.1378e-01 +1.3787e-01 +7.9443e-01 +4.9005e-01 +3.8530e-02 -2.5423e-01
% function evaluation | noise-free fitness - Fopt (1.000000000000e+03) | best noise-free fitness - Fopt | measured fitness | best measured fitness | x1 | x2...
1 +8.205908012e+00 +8.205908012e+00 +1.008205908e+03 +1.008205908e+03 +3.9962e-02 -2.5167e-01 -7.2451e-01 +4.7593e-02 -6.0245e-01 -4.9957e-01 +2.9135e-01 +4.4996e-01 +1.4648e-01 -2.0031e-01 +5.0582e-01 -7.8229e-03 +5.8557e-01 -5.8270e-02 +2.1428e-01 -1.2185e-01 +3.6927e-01 -2.6215e-01 +1.9288e-01 -1.9171e-01
26 +5.867131601e+00 +5.867131601e+00 +1.005867132e+03 +1.005867132e+03 +2.2378e-01 +5.5048e-01 +5.0069e-01 -2.5343e-02 +9.8278e-02 -2.6493e-01 +1.4266e-01 +4.4452e-01 -2.7388e-01 -2.3313e-01 -6.6624e-01 +6.1331e-01 +1.4294e-01 +2.9563e-01 +1.2008e-01 -3.3309e-01 -2.6208e-01 -4.4735e-01 -2.1546e-01 -2.0031e-01
% function evaluation | noise-free fitness - Fopt (5.100000000000e-01) | best noise-free fitness - Fopt | measured fitness | best measured fitness | x1 | x2...
1 +8.247701407e+00 +8.247701407e+00 +8.757701407e+00 +8.757701407e+00 -3.6886e-02 +2.4308e-01 -4.9528e-01 -6.2807e-01 -2.4328e-01 -1.6857e-02 -2.5483e-01 +1.3453e-01 -6.0549e-01 +3.9689e-01 -7.5957e-02 -2.3912e-01 -6.1542e-01 +8.2496e-02 +4.0412e-01 +1.0918e-01 +7.3525e-01 -5.2800e-01 +4.7011e-01 -3.2216e-01
% function evaluation | noise-free fitness - Fopt (9.318000000000e+01) | best noise-free fitness - Fopt | measured fitness | best measured fitness | x1 | x2...
1 +1.349981768e+01 +1.349981768e+01 +1.066798177e+02 +1.066798177e+02 -1.6211e-02 +2.4146e-01 +3.8810e-01 -7.9993e-02 +7.6102e-01 -8.4261e-01 +1.6803e-02 +1.0502e-01 +5.1051e-01 -2.5503e-01 -7.4233e-01 +3.7174e-01 -5.7854e-02 -4.9344e-01 +3.4277e-01 +5.2724e-01 -4.4834e-01 -8.6225e-02 -1.5092e-01 +3.7701e-01
2 +8.744542230e+00 +8.744542230e+00 +1.019245422e+02 +1.019245422e+02 -2.6715e-01 +2.8507e-01 +4.4738e-01 -1.0912e-02 +2.6629e-02 -2.2869e-01 -2.9079e-01 +4.9511e-01 +6.2025e-01 +2.6920e-01 -9.1876e-01 +1.9043e-02 -6.6109e-01 -2.5537e-01 +5.8442e-02 -1.0005e-01 -4.5630e-01 -1.7832e-01 +1.4426e-02 +3.7669e-01
30 +5.747880944e+00 +5.747880944e+00 +9.892788094e+01 +9.892788094e+01 +3.7998e-01 -2.3638e-01 +5.3989e-01 +7.9222e-01 -1.3274e-01 -7.6328e-02 +4.0766e-01 +6.3827e-01 +6.0764e-01 +1.4959e-03 +5.9633e-01 +2.4137e-01 +6.0803e-01 +1.8590e-01 +3.9622e-01 +3.2902e-01 +1.2569e-02 +1.9168e-01 -4.0154e-01 +2.9334e-01
