% function evaluation | noise-free fitness - Fopt (-6.211100000000e+02) | best noise-free fitness - Fopt | measured fitness | best measured fitness | x1 | x2...
1 +5.271968413e+08 +5.271968413e+08 +5.271962202e+08 +5.271962202e+08 +7.7652e-01 -3.1451e-01 +1.1252e-01 -3.8175e-01 +8.1032e-01 +1.9323e-01 +8.5356e-02 +2.5128e-01 +2.2773e-01 -3.3908e-01 +9.5342e-02 +7.0707e-01 -1.7041e-02 +2.0765e-01 +1.0804e-01 -2.3313e-01 -2.2099e-02 -2.7358e-02 +9.2315e-02 +4.9398e-01
2 +2.921140050e+08 +2.921140050e+08 +2.921133839e+08 +2.921133839e+08 +1.2147e-01 +2.3020e-01 +6.2357e-02 -8.6773e-01 +2.8578e-01 -8.7735e-02 -4.1411e-02 +3.0320e-01 +8.4615e-02 +2.2925e-01 +1.4997e-01 +2.2469e-01 +4.2514e-01 -6.5242e-02 -2.6672e-01 +2.6966e-01 -7.9517e-01 -1.3149e-01 -1.6905e-04 +3.6624e-01
34 +2.185636971e+08 +2.185636971e+08 +2.185630760e+08 +2.185630760e+08 +4.8069e-02 +8.4974e-01 -2.8748e-02 -2.9538e-01 -6.6776e-01 -5.7876e-01 +1.8621e-01 +3.0447e-01 +1.8016e-01 -2.2656e-01 +5.1506e-01 -3.3926e-01 +2.2918e-01 +3.0963e-01 +2.9356e-01 +1.2848e-01 +3.4117e-02 -3.4058e-01 +1.6805e-01 -1.3937e-02
% function evaluation | noise-free fitness - Fopt (-2.548200000000e+02) | best noise-free fitness - Fopt | measured fitness | best measured fitness | x1 | x2...
1 +7.295914036e+08 +7.295914036e+08 +7.295911488e+08 +7.295911488e+08 +7.8850e-01 -4.9477e-01 -6.5818e-01 +3.0669e-01 +3.1633e-01 +6.1967e-01 -1.0154e-01 +4.8920e-01 +2.3366e-01 +1.9256e-01 -3.4206e-01 +2.5177e-01 -4.2942e-02 -8.7689e-01 +1.2207e-01 -4.0913e-01 +1.2432e-01 +8.2195e-01 +3.7765e-02 -2.8208e-01
4 +6.290565939e+08 +6.290565939e+08 +6.290563391e+08 +6.290563391e+08 +1.2851e-02 -8.5383e-02 +4.0866e-01 +1.3175e-01 +4.9262e-02 +5.9882e-02 -7.0486e-02 +3.2573e-01 +7.8314e-01 -3.2931e-01 -7.9060e-02 -2.4002e-01 -3.1526e-01 +9.1672e-02 -2.4271e-01 -8.2450e-01 -1.8996e-01 +7.4098e-01 -3.6623e-02 -3.9849e-01
% function evaluation | noise-free fitness - Fopt (5.661000000000e+01) | best noise-free fitness - Fopt | measured fitness | best measured fitness | x1 | x2...
1 +5.441851452e+08 +5.441851452e+08 +5.441852018e+08 +5.441852018e+08 +1.0293e-01 -1.1832e-03 -5.5709e-01 +1.4665e-01 +1.5557e-01 +3.8767e-01 +6.2366e-01 +3.4958e-01 +6.3921e-01 -4.8164e-01 -4.0649e-01 -3.5495e-01 -2.5153e-01 -4.6371e-01 +5.6749e-01 +4.2205e-01 -4.8669e-02 +8.3556e-01 -1.5830e-01 -5.6691e-01
2 +2.898696050e+08 +2.898696050e+08 +2.898696616e+08 +2.898696616e+08 +2.0713e-01 +1.1799e-01 -1.8820e-01 -2.3746e-01 +6.1138e-01 -3.7748e-01 -6.8743e-01 -8.3566e-02 +6.6417e-02 -2.3775e-01 +3.2910e-01 +4.0127e-01 +1.5201e-01 +1.7228e-01 -2.0366e-01 -1.7024e-01 +5.6379e-02 -1.4592e-01 -1.3625e-02 +2.0681e-01
3 +2.137763583e+08 +2.137763583e+08 +2.137764149e+08 +2.137764149e+08 -3.2358e-01 -1.8195e-02 -2.5039e-01 -2.3422e-02 +8.2288e-01 -6.4874e-01 -6.0190e-02 -2.9440e-01 -3.1793e-01 +8.6077e-01 +5.6153e-01 +3.3323e-01 +4.8281e-01 -4.6821e-01 -1.0525e-01 +1.2581e-01 -1.8450e-01 -3.1897e-01 -8.5762e-02 +5.7864e-02
% function evaluation | noise-free fitness - Fopt (-1.810000000000e+01) | best noise-free fitness - Fopt | measured fitness | best measured fitness | x1 | x2...
1 +2.496540887e+08 +2.496540887e+08 +2.496540706e+08 +2.496540706e+08 -2.8238e-01 +6.2513e-01 +4.2731e-01 -2.6132e-01 +6.4144e-02 -6.7063e-02 -1.0029e-01 -4.4078e-01 -4.6709e-01 +5.7252e-01 +4.1054e-01 +6.9347e-01 +4.4463e-01 -8.6395e-02 -5.1839e-01 -3.8470e-01 -4.5104e-01 +8.1973e-01 -5.8181e-01 +6.8521e-02
2 +1.359935147e+08 +1.359935147e+08 +1.359934966e+08 +1.359934966e+08 -1.7791e-01 -2.1873e-01 +2.3983e-01 +3.5624e-01 +9.0527e-01 -4.5478e-02 -5.1818e-01 +8.1400e-02 -6.1305e-01 +4.0531e-01 -5.0277e-01 -9.0887e-01 +5.7860e-02 -2.2885e-01 +9.4182e-01 -5.7037e-01 -1.3501e-01 -1.0897e-01 +3.7422e-01 +6.1573e-01
% function evaluation | noise-free fitness - Fopt (3.777000000000e+01) | best noise-free fitness - Fopt | measured fitness | best measured fitness | x1 | x2...
1 +7.982113711e+07 +7.982113711e+07 +7.982117488e+07 +7.982117488e+07 -3.4940e-01 +2.1317e-01 +3.8038e-01 +4.9740e-01 +6.0470e-01 -1.7450e-01 -2.9470e-01 +4.3168e-01 -4.4681e-02 +4.1637e-01 +4.4971e-02 -5.7452e-01 +8.5165e-02 +4.1180e-01 -2.5363e-01 -4.6420e-01 +1.8660e-01 -5.8838e-01 +5.4806e-01 +8.0263e-01
15 +4.836319096e+07 +4.836319096e+07 +4.836322873e+07 +4.836322873e+07 -7.1172e-02 +6.8277e-01 +3.2632e-01 -1.1406e-01 +1.0382e-01 -8.3950e-01 -6.4088e-01 +7.7321e-01 -5.4591e-02 -5.2781e-01 -7.0425e-02 +6.7318e-01 -4.5610e-01 +7.6382e-01 +2.6542e-02 +5.7722e-02 +2.0701e-01 -2.3369e-01 -9.6328e-02 -5.7649e-02
% function evaluation | noise-free fitness - Fopt (-6.720000000000e+01) | best noise-free fitness - Fopt | measured fitness | best measured fitness | x1 | x2...
1 +2.918686067e+08 +2.918686067e+08 +2.918685395e+08 +2.918685395e+08 +7.2946e-01 +1.2964e-01 -2.1420e-01 -3.0512e-01 +5.4901e-02 +5.5438e-01 +1.0071e-01 +4.1273e-02 -9.0661e-01 -3.4583e-01 -2.8701e-01 -8.1427e-02 +1.2521e-02 +2.6326e-01 -9.2161e-01 +2.5118e-01 -7.4829e-02 +4.3425e-01 -5.3867e-01 -2.1914e-01
2 +2.278013624e+08 +2.278013624e+08 +2.278012952e+08 +2.278012952e+08 +9.9308e-02 -4.5186e-01 +4.6418e-01 +4.2788e-01 +6.5293e-01 -4.9972e-01 +1.0037e-01 +2.1633e-01 -2.2453e-01 +2.2501e-01 -3.2260e-01 +8.5647e-02 +1.0537e-01 +5.7588e-01 +4.5904e-02 -5.0864e-02 +7.5568e-02 +5.2153e-01 -1.7746e-02 -2.2912e-01
% function evaluation | noise-free fitness - Fopt (-7.010000000000e+00) | best noise-free fitness - Fopt | measured fitness | best measured fitness | x1 | x2...
1 +2.916294401e+08 +2.916294401e+08 +2.916294331e+08 +2.916294331e+08 +1.4814e-01 -4.1210e-02 -5.7106e-01 -2.9492e-01 -3.8984e-01 -2.9606e-01 +4.6631e-01 +1.7939e-01 -6.2647e-01 -2.4288e-01 -2.6301e-01 +1.9785e-01 +6.3065e-01 +2.8875e-01 +2.5844e-01 -3.2800e-01 +2.6439e-01 +8.8167e-01 +7.9882e-01 +1.0245e-01
8 +2.205811864e+08 +2.205811864e+08 +2.205811794e+08 +2.205811794e+08 -1.6390e-01 +1.6045e-01 -5.4047e-02 +4.4060e-01 +1.7022e-01 +3.4092e-01 -1.5030e-01 -9.6071e-02 +2.2841e-01 +3.1856e-01 -1.7260e-01 -2.2843e-02 +2.6077e-01 +2.8642e-01 -1.1280e-01 +1.5462e-01 -4.1141e-01 -3.4325e-01 +6.1626e-01 -2.0922e-01
% function evaluation | noise-free fitness - Fopt (-1.297300000000e+02) | best noise-free fitness - Fopt | measured fitness | best measured fitness | x1 | x2...
1 +2.441283208e+08 +2.441283208e+08 +2.441281911e+08 +2.441281911e+08 -7.0380e-01 -4.0723e-01 +3.6511e-01 -9.4126e-01 +2.1492e-01 -7.7040e-01 -5.2095e-01 +6.1422e-01 -1.7517e-01 -1.0302e-01 +4.8563e-01 -1.6394e-01 +2.2998e-01 -9.0606e-01 +3.9102e-02 +1.3624e-01 +6.2749e-03 +5.1199e-01 -3.6444e-02 +6.6611e-01
% function evaluation | noise-free fitness - Fopt (1.000000000000e+03) | best noise-free fitness - Fopt | measured fitness | best measured fitness | x1 | x2...
1 +1.070775350e+08 +1.070775350e+08 +1.070785350e+08 +1.070785350e+08 -5.2842e-01 -2.8561e-01 -6.4655e-01 +3.3167e-02 +2.3989e-01 +8.3057e-01 -2.4457e-01 -5.8031e-01 -4.5919e-01 +3.9043e-02 -1.4277e-01 +1.7705e-01 +3.0526e-01 -5.5051e-02 +4.1497e-01 -2.1378e-01 +3.8734e-01 +5.9535e-01 -4.5963e-01 -3.2394e-02
5 +7.372932911e+07 +7.372932911e+07 +7.373032911e+07 +7.373032911e+07 -1.4961e-01 +5.6735e-01 -1.1672e-01 -3.7516e-01 +5.2329e-01 +8.9985e-01 +4.4584e-01 -4.6617e-01 -2.1376e-01 +4.4945e-01 +9.0238e-02 +7.4109e-01 +2.3748e-01 +3.5626e-01 +5.9736e-01 +4.2701e-02 +5.4401e-01 -7.2257e-01 +7.4280e-02 -6.1342e-01
% function evaluation | noise-free fitness - Fopt (-1.152000000000e+02) | best noise-free fitness - Fopt | measured fitness | best measured fitness | x1 | x2...
1 +5.753390872e+08 +5.753390872e+08 +5.753389720e+08 +5.753389720e+08 +1.8607e-01 -2.5366e-01 +8.1981e-01 +1.5055e-01 -5.4127e-01 +4.4963e-01 -6.3317e-01 +8.4343e-02 -9.7812e-02 -2.7784e-02 -7.4553e-01 -4.2014e-01 +1.4058e-01 -2.1262e-01 -6.1913e-04 +3.0053e-01 +9.3377e-02 +1.0838e-01 +5.4252e-01 -2.3534e-02
80 +3.764564857e+08 +3.764564857e+08 +3.764563705e+08 +3.764563705e+08 -7.7042e-02 +4.8973e-01 +2.1846e-01 -2.3460e-01 -3.3847e-01 +3.6788e-01 +1.1169e-02 -5.5053e-01 -1.7591e-01 -6.1170e-03 +8.9568e-02 +6.1028e-01 -3.7070e-01 -7.2612e-01 +6.1113e-02 +1.5174e-01 +2.4201e-01 -3.5591e-01 -2.6199e-02 -4.8569e-01
% function evaluation | noise-free fitness - Fopt (2.616400000000e+02) | best noise-free fitness - Fopt | measured fitness | best measured fitness | x1 | x2...
1 +1.903491459e+08 +1.903491459e+08 +1.903494076e+08 +1.903494076e+08 +1.7254e-01 +2.4964e-01 +3.7044e-01 +3.3597e-01 +9.1889e-01 +4.7405e-01 +7.6759e-01 -3.8844e-01 +7.0861e-02 +7.3656e-02 +2.5885e-01 +5.9638e-01 +4.9355e-01 +2.6416e-01 +7.5918e-01 -1.5906e-01 -5.4542e-01 +1.8205e-01 -5.8223e-02 -1.1840e-01
3 +1.374738767e+08 +1.374738767e+08 +1.374741384e+08 +1.374741384e+08 +2.0964e-01 -2.1905e-03 +4.3733e-01 -2.8509e-01 +8.1756e-01 +3.9003e-01 -5.2278e-01 -4.0925e-01 +2.5450e-01 +6.7143e-01 +9.5160e-02 +3.4377e-01 +7.7867e-01 +8.8455e-02 +3.0767e-01 +2.8498e-01 -4.6309e-01 -8.0088e-01 +6.0955e-01 -2.0663e-01
% function evaluation | noise-free fitness - Fopt (1.000000000000e+03) | best noise-free fitness - Fopt | measured fitness | best measured fitness | x1 | x2...
1 +2.073495899e+08 +2.073495899e+08 +2.073505899e+08 +2.073505899e+08 -7.4448e-02 -1.3808e-01 -4.3180e-01 -8.6695e-01 +1.9331e-02 -5.3120e-01 -7.0480e-02 -7.4011e-01 -4.9089e-01 +5.2804e-01 +6.0983e-01 -4.8715e-01 +6.8124e-03 -1.8721e-01 -3.4167e-01 +1.9415e-01 +6.4979e-01 +1.4569e-01 +2.0866e-01 -1.8826e-01
3 +1.540262757e+08 +1.540262757e+08 +1.540272757e+08 +1.540272757e+08 -3.4604e-01 +7.0779e-01 -1.8423e-01 +3.9208e-01 +1.6841e-02 -1.7065e-01 -7.6222e-02 +3.9296e-01 +4.2570e-01 +5.3604e-01 +3.3244e-01 +8.3637e-01 -2.7257e-01 +3.9111e-01 -4.8013e-01 +3.8330e-01 -2.6685e-01 +5.0954e-01 -1.9155e-01 -4.2489e-01
% function evaluation | noise-free fitness - Fopt (1.737000000000e+01) | best noise-free fitness - Fopt | measured fitness | best measured fitness | x1 | x2...
1 +3.957536463e+08 +3.957536463e+08 +3.957536636e+08 +3.957536636e+08 -7.9039e-01 -4.4559e-01 -4.5171e-01 -1.9846e-01 +1.1657e-01 -2.8867e-03 +1.3242e-01 +7.0578e-03 -3.9859e-01 +5.0025e-01 +1.3181e-01 +6.2923e-02 -2.2507e-01 -7.3603e-02 -3.6914e-01 +7.2281e-01 +2.9342e-01 +3.1657e-01 +4.7203e-02 -9.2438e-02
5 +2.424072347e+08 +2.424072347e+08 +2.424072520e+08 +2.424072520e+08 +5.0394e-01 -6.2655e-02 -2.3475e-01 +3.3654e-01 +3.3375e-01 +1.2517e-01 +4.2217e-01 -5.6659e-01 +8.5666e-03 +5.4718e-01 -2.2041e-02 -7.7469e-01 +3.8093e-02 +8.8170e-01 -6.8953e-01 +3.6458e-01 +7.8593e-02 +3.0205e-03 -4.8241e-01 +8.0021e-02
% function evaluation | noise-free fitness - Fopt (1.541700000000e+02) | best noise-free fitness - Fopt | measured fitness | best measured fitness | x1 | x2...
1 +1.280214275e+09 +1.280214275e+09 +1.280214429e+09 +1.280214429e+09 -6.6663e-01 -2.4008e-01 -8.3293e-01 +2.8942e-01 +5.0865e-01 -8.0444e-01 +7.7039e-01 -1.8109e-01 -1.3615e-01 +1.0230e-02 -4.9793e-03 -1.1282e-01 -1.1038e-01 +8.5065e-01 +3.5205e-02 -3.5345e-01 +1.1265e-01 +2.1998e-01 +1.2568e-01 -1.8058e-01
15 +9.759312267e+08 +9.759312267e+08 +9.759313809e+08 +9.759313809e+08 -5.7343e-02 -1.9493e-01 -2.4450e-01 +3.7693e-01 +2.4644e-01 -2.1874e-01 +2.9742e-01 -2.6054e-01 +1.6900e-01 -9.7093e-02 +5.6635e-01 +4.5822e-02 +5.4076e-01 +1.4285e-01 +5.1834e-01 +6.0350e-01 -6.0386e-01 -4.0910e-02 +4.4286e-02 +7.1387e-02
% function evaluation | noise-free fitness - Fopt (4.983000000000e+01) | best noise-free fitness - Fopt | measured fitness | best measured fitness | x1 | x2...
1 +9.255262617e+07 +9.255262617e+07 +9.255267600e+07 +9.255267600e+07 -4.0603e-01 -3.0751e-01 -5.4781e-01 -2.6076e-01 -4.2558e-02 +3.5802e-01 +4.6133e-01 +8.0028e-02 +3.0411e-01 +1.4321e-01 +4.6199e-01 -9.8056e-01 -1.8541e-01 -3.6538e-01 +1.5843e-01 +2.4486e-02 +1.3809e-01 +7.5507e-01 -5.0206e-01 -2.2747e-01
