% function evaluation | noise-free fitness - Fopt (-5.465000000000e+02) | best noise-free fitness - Fopt | measured fitness | best measured fitness | x1 | x2...
1 +3.450970898e+04 +3.450970898e+04 +3.396320898e+04 +3.396320898e+04 +5.0524e-01 +5.5193e-01 -4.2606e-02 -1.7485e-01 -6.6326e-01 -3.6616e-01 +2.9845e-01 -6.1604e-01 +7.1219e-01 -7.5871e-01
2 +1.054177312e+04 +1.054177312e+04 +9.995273121e+03 +9.995273121e+03 -1.7440e-01 +3.5753e-01 -1.8152e-01 -3.0203e-01 -5.1889e-01 -4.8866e-01 -3.3299e-01 +1.3113e-01 -4.9457e-01 -4.5804e-01
4 +8.542720395e+03 +8.542720395e+03 +7.996220395e+03 +7.996220395e+03 -2.3781e-01 +3.2307e-01 +2.3138e-01 -5.0458e-02 +1.4616e-01 +5.1722e-01 -1.3375e-02 -2.3988e-01 -1.1423e-01 +4.0305e-01
10 +6.030365059e+03 +6.030365059e+03 +5.483865059e+03 +5.483865059e+03 -6.2131e-01 -6.9531e-01 -2.9146e-01 +1.4768e-01 -6.9639e-01 -7.8282e-01 +7.1959e-01 +8.7741e-01 -1.5467e-01 +3.3487e-01
21 +3.139936244e+03 +3.139936244e+03 +2.593436244e+03 +2.593436244e+03 +3.2030e-01 +1.7663e-01 -1.3802e-01 -7.0996e-02 +5.0269e-01 -4.1197e-01 -6.8152e-01 -3.0364e-02 -6.2267e-01 +3.4114e-01
% function evaluation | noise-free fitness - Fopt (1.000000000000e+03) | best noise-free fitness - Fopt | measured fitness | best measured fitness | x1 | x2...
1 +5.929171149e+03 +5.929171149e+03 +6.929171149e+03 +6.929171149e+03 -1.6983e-01 -6.4129e-02 +7.4118e-01 +4.1772e-01 -2.0175e-01 -3.4593e-01 -8.6402e-01 -2.3305e-01 -3.2234e-01 -2.9135e-01
29 +3.565449266e+03 +3.565449266e+03 +4.565449266e+03 +4.565449266e+03 +4.5270e-01 +5.7923e-02 +6.5996e-03 +4.7771e-01 -1.3384e-01 -4.0530e-01 -2.4648e-01 -1.6606e-01 -4.6094e-01 -8.6583e-01
% function evaluation | noise-free fitness - Fopt (2.083800000000e+02) | best noise-free fitness - Fopt | measured fitness | best measured fitness | x1 | x2...
1 +1.126883010e+04 +1.126883010e+04 +1.147721010e+04 +1.147721010e+04 +1.2801e-02 +3.1082e-03 -4.1425e-01 -2.8464e-01 +3.6690e-01 -2.1219e-01 -3.1337e-02 +4.9714e-01 +6.4818e-01 +4.2015e-01
6 +4.763478076e+03 +4.763478076e+03 +4.971858076e+03 +4.971858076e+03 +1.5550e-01 -3.8957e-01 +6.5617e-01 -6.4250e-01 +4.4802e-01 +2.0898e-01 +9.6445e-02 +4.5414e-01 -5.4469e-01 +3.2938e-02
40 +3.377635603e+03 +3.377635603e+03 +3.586015603e+03 +3.586015603e+03 +8.9539e-02 +6.2549e-02 +1.2351e-01 +6.9828e-01 -2.7256e-01 -1.1304e-01 +7.6304e-01 -2.6645e-01 -4.5241e-01 +7.2752e-01
% function evaluation | noise-free fitness - Fopt (-1.449600000000e+02) | best noise-free fitness - Fopt | measured fitness | best measured fitness | x1 | x2...
1 +1.038599194e+04 +1.038599194e+04 +1.024103194e+04 +1.024103194e+04 -1.5990e-02 +4.5938e-01 -1.3761e-01 +5.8625e-01 +1.7936e-01 -4.0997e-01 +3.4128e-01 +7.1904e-01 -2.3619e-01 -2.1497e-01
5 +6.746675456e+03 +6.746675456e+03 +6.601715456e+03 +6.601715456e+03 +4.6901e-02 +4.1146e-01 -4.5696e-01 +2.0092e-01 -1.7007e-01 -1.2040e-01 -5.0818e-01 -7.9835e-02 -1.6175e-01 +2.2782e-01
6 +5.490085937e+03 +5.490085937e+03 +5.345125937e+03 +5.345125937e+03 +3.5223e-02 +6.7802e-01 -4.5937e-01 +1.7557e-01 -5.9898e-02 +5.8292e-02 +1.9186e-01 +9.3910e-01 -3.1012e-01 +9.1326e-02
24 +3.080397868e+03 +3.080397868e+03 +2.935437868e+03 +2.935437868e+03 +8.4291e-02 -1.0608e-01 +6.2778e-01 +6.0809e-01 +1.8222e-01 -1.4355e-02 -1.6608e-01 +3.6929e-01 -4.9085e-01 +3.6020e-01
% function evaluation | noise-free fitness - Fopt (-6.300000000000e+00) | best noise-free fitness - Fopt | measured fitness | best measured fitness | x1 | x2...
1 +1.002611840e+04 +1.002611840e+04 +1.001981840e+04 +1.001981840e+04 -4.6482e-01 +6.0204e-01 -3.6204e-01 +3.9750e-01 -3.7981e-01 -1.0945e-01 -3.4287e-01 -5.6126e-01 -4.1201e-01 +3.0289e-01
4 +6.699035018e+03 +6.699035018e+03 +6.692735018e+03 +6.692735018e+03 -3.7069e-01 -3.7072e-01 -1.9004e-01 -3.0954e-01 +4.3351e-01 +2.7126e-02 -1.3662e-01 -5.1152e-01 +1.4339e-01 +1.5195e-01
9 +5.022193449e+03 +5.022193449e+03 +5.015893449e+03 +5.015893449e+03 -9.6672e-03 +9.3286e-01 -6.4221e-01 -2.2198e-01 +2.3334e-01 -2.2415e-01 +6.0494e-01 +1.8070e-01 +6.1228e-01 +1.5421e-01
42 +3.574119793e+03 +3.574119793e+03 +3.567819793e+03 +3.567819793e+03 +1.7501e-01 +7.4591e-01 +5.2380e-01 +2.3677e-01 +9.5086e-02 -6.5062e-02 +4.7877e-03 -5.3046e-01 +5.1491e-01 +2.2946e-01
45 +2.479515609e+03 +2.479515609e+03 +2.473215609e+03 +2.473215609e+03 -3.8560e-03 +1.5074e-01 -2.4805e-02 -7.8402e-02 +2.1945e-01 -2.8730e-02 +3.9203e-02 -7.2959e-01 +5.5639e-01 +3.5719e-01
% function evaluation | noise-free fitness - Fopt (-3.790000000000e+00) | best noise-free fitness - Fopt | measured fitness | best measured fitness | x1 | x2...
1 +1.098888120e+04 +1.098888120e+04 +1.098509120e+04 +1.098509120e+04 -4.5068e-01 +3.6388e-01 -1.6353e-01 +7.4150e-01 +2.3385e-01 +4.1843e-02 +6.7472e-01 +7.2626e-01 +5.2346e-01 -7.3606e-01
13 +8.300686326e+03 +8.300686326e+03 +8.296896326e+03 +8.296896326e+03 +4.3457e-01 +1.8975e-01 +1.2265e-01 -6.4541e-02 -6.5272e-01 -5.4105e-01 -7.5002e-01 -5.0207e-01 -3.6096e-01 -2.9806e-01
14 +4.229948214e+03 +4.229948214e+03 +4.226158214e+03 +4.226158214e+03 -5.1537e-01 -5.5689e-01 -5.9029e-01 -6.1725e-02 +1.2549e-01 +2.7218e-01 -7.9408e-01 -4.7051e-01 +4.2775e-01 -1.6443e-01
27 +3.637195904e+03 +3.637195904e+03 +3.633405904e+03 +3.633405904e+03 +2.0569e-02 +1.5502e-01 -8.0523e-01 +5.4876e-01 -1.2287e-01 +2.7367e-01 -5.5153e-01 -4.9755e-01 +6.0989e-01 -1.4439e-01
% function evaluation | noise-free fitness - Fopt (-5.675000000000e+01) | best noise-free fitness - Fopt | measured fitness | best measured fitness | x1 | x2...
1 +9.660193652e+03 +9.660193652e+03 +9.603443652e+03 +9.603443652e+03 -3.2525e-02 +2.3193e-01 +3.6537e-01 +3.1719e-01 -1.4887e-01 -5.4407e-01 -4.2228e-01 +2.9678e-01 -1.1480e-01 +1.3435e-01
2 +3.843021865e+03 +3.843021865e+03 +3.786271865e+03 +3.786271865e+03 +8.7998e-01 -6.4946e-01 +6.5569e-01 -1.6258e-01 -4.6191e-01 +4.2185e-01 +3.6415e-01 +9.4091e-02 +2.2428e-01 +6.2977e-01
% function evaluation | noise-free fitness - Fopt (-5.980000000000e+01) | best noise-free fitness - Fopt | measured fitness | best measured fitness | x1 | x2...
1 +6.417508973e+03 +6.417508973e+03 +6.357708973e+03 +6.357708973e+03 -2.9883e-01 +2.6231e-01 -1.1411e-01 -3.1970e-01 +7.8602e-02 +2.2148e-01 -1.0303e-01 +3.9019e-01 -3.2151e-01 +3.0302e-02
10 +3.071601509e+03 +3.071601509e+03 +3.011801509e+03 +3.011801509e+03 -1.2718e-01 -2.0783e-01 -7.1823e-01 +3.7386e-01 -9.5784e-02 -2.3784e-01 +1.1940e-01 +3.1702e-01 -7.5091e-01 +2.9480e-01
% function evaluation | noise-free fitness - Fopt (1.155700000000e+02) | best noise-free fitness - Fopt | measured fitness | best measured fitness | x1 | x2...
1 +1.519584846e+04 +1.519584846e+04 +1.531141846e+04 +1.531141846e+04 -5.6299e-01 +4.1755e-01 -3.3372e-01 -8.8251e-02 -3.3245e-01 -2.6095e-01 +4.2732e-01 -2.5419e-02 -5.5795e-01 +1.6644e-02
2 +4.769761130e+03 +4.769761130e+03 +4.885331130e+03 +4.885331130e+03 -3.1994e-01 -2.1760e-01 +6.1366e-01 -1.3359e-01 -3.3933e-01 -2.5817e-01 -1.6063e-01 +4.3083e-01 +4.4191e-01 +1.6876e-01
25 +3.828720686e+03 +3.828720686e+03 +3.944290686e+03 +3.944290686e+03 +4.2334e-03 -1.5041e-01 +1.8665e-03 -6.7689e-01 +6.6941e-01 +8.5906e-01 +3.3011e-01 +1.1362e-01 +2.5152e-01 +9.0377e-01
35 +2.375364180e+03 +2.375364180e+03 +2.490934180e+03 +2.490934180e+03 +2.2056e-01 +4.3991e-01 +9.6128e-02 -6.2049e-01 +7.4468e-02 -3.4879e-01 +3.2135e-03 +8.8989e-01 +2.5832e-01 +5.3847e-01
% function evaluation | noise-free fitness - Fopt (-3.912000000000e+01) | best noise-free fitness - Fopt | measured fitness | best measured fitness | x1 | x2...
1 +1.239855972e+04 +1.239855972e+04 +1.235943972e+04 +1.235943972e+04 -2.3888e-01 -8.1809e-01 +4.1525e-01 +3.5280e-01 +7.3241e-02 -2.5381e-01 -5.1931e-01 -1.0745e-01 +5.8588e-01 +6.5613e-01
3 +5.341428669e+03 +5.341428669e+03 +5.302308669e+03 +5.302308669e+03 +3.1957e-01 -1.5203e-01 +4.8495e-01 -3.5763e-01 +3.8641e-01 -1.8461e-01 -5.4909e-01 -3.5918e-01 -1.6401e-01 -5.8078e-01
% function evaluation | noise-free fitness - Fopt (-8.801000000000e+01) | best noise-free fitness - Fopt | measured fitness | best measured fitness | x1 | x2...
1 +5.002019728e+03 +5.002019728e+03 +4.914009728e+03 +4.914009728e+03 -6.8725e-01 +8.5130e-02 -7.5467e-01 +3.6409e-01 +3.2286e-01 -4.3284e-02 +4.1559e-01 -5.9877e-02 -4.7773e-01 +1.5141e-01
18 +3.853746982e+03 +3.853746982e+03 +3.765736982e+03 +3.765736982e+03 +2.8601e-01 -3.4866e-01 +8.7539e-03 -2.9867e-01 -4.4273e-02 +9.2793e-04 -2.2295e-01 -2.9513e-01 -6.8501e-01 +2.8372e-01
20 +2.235348834e+03 +2.235348834e+03 +2.147338834e+03 +2.147338834e+03 -5.1658e-01 +6.7311e-02 +7.7083e-01 +1.6910e-01 +9.2783e-02 +6.3181e-01 -8.4255e-02 -1.7841e-01 -3.8742e-01 +8.8913e-01
% function evaluation | noise-free fitness - Fopt (7.934000000000e+01) | best noise-free fitness - Fopt | measured fitness | best measured fitness | x1 | x2...
1 +7.930644239e+03 +7.930644239e+03 +8.009984239e+03 +8.009984239e+03 +5.4342e-01 +3.7580e-01 -1.3049e-01 +6.6857e-01 +2.0920e-01 +4.4017e-01 +9.4186e-02 -1.2681e-01 +8.7976e-01 +1.4875e-01
4 +3.905983648e+03 +3.905983648e+03 +3.985323648e+03 +3.985323648e+03 +1.5300e-01 +6.7800e-01 +6.4772e-01 +1.2836e-01 +2.4707e-01 -1.2522e-01 +7.9042e-01 +1.1670e-01 +7.8906e-01 -6.7183e-02
% function evaluation | noise-free fitness - Fopt (1.721800000000e+02) | best noise-free fitness - Fopt | measured fitness | best measured fitness | x1 | x2...
1 +1.201793251e+04 +1.201793251e+04 +1.219011251e+04 +1.219011251e+04 +1.7875e-01 -4.8180e-01 +2.2650e-01 -2.6978e-01 -8.3632e-02 -3.0840e-01 +4.9734e-02 -9.9093e-02 -2.7017e-01 +2.4614e-02
5 +8.833939154e+03 +8.833939154e+03 +9.006119154e+03 +9.006119154e+03 +2.2005e-01 -3.0489e-01 -4.7164e-01 +3.0378e-01 +4.2505e-01 +5.8500e-02 +1.7932e-01 -5.0039e-01 -5.8897e-01 +7.5432e-01
10 +2.185013282e+03 +2.185013282e+03 +2.357193282e+03 +2.357193282e+03 -1.2966e-01 -9.3459e-02 +4.7816e-02 +5.3779e-01 -4.2791e-01 -2.4502e-01 -3.3297e-01 -3.0447e-02 +4.1887e-01 +8.3552e-01
% function evaluation | noise-free fitness - Fopt (-3.181900000000e+02) | best noise-free fitness - Fopt | measured fitness | best measured fitness | x1 | x2...
1 +6.940332732e+03 +6.940332732e+03 +6.622142732e+03 +6.622142732e+03 -4.8425e-01 +2.8147e-01 -9.0345e-01 -6.4924e-02 -1.9805e-01 -1.5857e-02 -4.5233e-02 -1.5734e-01 -1.8982e-01 +1.2730e-01
18 +4.122503818e+03 +4.122503818e+03 +3.804313818e+03 +3.804313818e+03 -2.2022e-01 +1.2803e-01 -2.2303e-01 +6.6011e-02 +3.8273e-01 +2.5292e-02 +1.2648e-03 -4.1614e-02 -5.7533e-01 +3.7081e-01
% function evaluation | noise-free fitness - Fopt (-5.276000000000e+01) | best noise-free fitness - Fopt | measured fitness | best measured fitness | x1 | x2...
1 +1.850231644e+04 +1.850231644e+04 +1.844955644e+04 +1.844955644e+04 +1.1992e-01 -1.2262e-01 +4.6556e-01 -6.3499e-01 +3.8846e-01 -2.0164e-01 +1.2346e-01 -5.4036e-01 +7.4078e-01 +3.7572e-01
2 +1.430287571e+04 +1.430287571e+04 +1.425011571e+04 +1.425011571e+04 -1.1023e-01 +7.1539e-01 +2.2611e-01 -8.3771e-01 -3.2231e-01 +1.3382e-01 +1.9738e-01 -6.3286e-01 -2.3530e-01 -2.1416e-01
4 +7.659366186e+03 +7.659366186e+03 +7.606606186e+03 +7.606606186e+03 -2.2498e-01 -2.3449e-01 +6.6306e-02 +5.3744e-01 -2.1082e-01 +5.2875e-02 -1.1898e-01 +2.2905e-01 -6.8109e-01 -2.0348e-01
12 +2.642373405e+03 +2.642373405e+03 +2.589613405e+03 +2.589613405e+03 +1.3532e-01 -8.1455e-01 +1.7302e-01 +2.3571e-02 -3.1965e-01 +1.9703e-01 +5.4924e-01 +3.7449e-01 -4.7110e-01 +4.2354e-01
