% function evaluation | noise-free fitness - Fopt (-5.465000000000e+02) | best noise-free fitness - Fopt | measured fitness | best measured fitness | x1 | x2...
1 +2.325744634e+04 +2.325744634e+04 +2.271094634e+04 +2.271094634e+04 +3.6086e-01 -3.2539e-01 +2.7553e-01 +5.0972e-01 -2.1364e-01 +6.8316e-01 +5.3399e-01 -3.1940e-01 -2.4366e-01 +2.5196e-01 -3.3669e-02 -2.0686e-01 -6.0859e-01 +4.1544e-04 +9.2703e-03 -2.8030e-01 +3.8105e-02 +1.9275e-01 +5.1298e-01 +4.4885e-01
3 +1.310216790e+04 +1.310216790e+04 +1.255566790e+04 +1.255566790e+04 +3.0789e-01 -5.9595e-02 +8.5491e-01 +6.2696e-01 -5.2326e-01 -4.3646e-01 +3.8081e-01 -2.6134e-01 +7.3799e-01 +1.4914e-01 +7.9368e-01 -6.4778e-01 +3.1907e-01 +8.0819e-01 +1.6862e-01 -1.4574e-01 +4.6441e-02 -1.3889e-01 -3.3055e-01 +5.8460e-01
82 +9.310018715e+03 +9.310018715e+03 +8.763518715e+03 +8.763518715e+03 +1.4039e-01 +4.3885e-01 -7.4898e-02 +5.8314e-02 -1.1041e-01 -4.7895e-01 -4.5575e-01 +2.4306e-04 +1.4770e-01 -6.6731e-04 -4.7084e-01 -9.1492e-02 -4.5939e-01 -5.1482e-01 -2.2500e-01 -3.1820e-01 +6.1689e-01 -6.4039e-01 -3.2258e-01 +1.3024e-01
% function evaluation | noise-free fitness - Fopt (1.000000000000e+03) | best noise-free fitness - Fopt | measured fitness | best measured fitness | x1 | x2...
1 +1.841333199e+04 +1.841333199e+04 +1.941333199e+04 +1.941333199e+04 -4.3634e-01 +1.3629e-01 -2.6269e-01 -1.7736e-01 -4.1765e-01 -4.5358e-01 -1.7817e-01 +3.7247e-01 +5.2863e-01 -7.1946e-01 -5.3622e-01 -6.0796e-01 +3.2254e-03 +6.8782e-01 -2.5222e-01 -6.4803e-01 -2.5351e-01 +5.5465e-01 -1.5009e-01 +2.6462e-01
3 +8.746870151e+03 +8.746870151e+03 +9.746870151e+03 +9.746870151e+03 -6.6193e-01 +9.5530e-01 +9.6652e-03 -8.6211e-01 +1.9755e-01 +3.6699e-01 +3.0831e-01 -7.9671e-01 -1.5909e-01 +1.1341e-01 -1.4752e-01 -1.3129e-01 +6.8174e-01 -5.4328e-01 -8.1940e-01 -4.1960e-01 -4.5922e-01 +3.1014e-02 -6.1212e-01 +1.8137e-01
% function evaluation | noise-free fitness - Fopt (2.083800000000e+02) | best noise-free fitness - Fopt | measured fitness | best measured fitness | x1 | x2...
1 +2.867865295e+04 +2.867865295e+04 +2.888703295e+04 +2.888703295e+04 +1.2450e-01 +5.1921e-02 -3.0448e-01 +7.3613e-02 +5.0219e-01 +1.7313e-01 -4.6249e-01 +2.3868e-01 -5.2494e-01 +3.6807e-01 -4.1043e-02 +1.3335e-01 -2.7811e-01 -7.2631e-01 -5.5798e-02 +3.5409e-01 -6.9030e-01 -5.4860e-01 +1.1257e-01 +2.0234e-01
3 +1.656940140e+04 +1.656940140e+04 +1.677778140e+04 +1.677778140e+04 -5.1792e-01 -2.0613e-01 -7.3043e-02 +4.6276e-01 +4.7274e-01 +4.7969e-01 +5.4084e-01 -2.1548e-01 -1.2441e-02 -4.0095e-01 -4.9284e-01 +3.8616e-01 +5.3648e-01 -4.6495e-01 -2.6191e-01 -2.7520e-01 +9.1228e-01 -4.2902e-02 -2.8828e-01 +3.2162e-01
18 +1.043480227e+04 +1.043480227e+04 +1.064318227e+04 +1.064318227e+04 +4.7349e-01 +2.8599e-01 +4.0948e-01 +8.2988e-02 -1.0278e-01 +2.2140e-02 -3.4814e-01 +2.1284e-01 -3.3852e-01 +2.7274e-02 +1.6831e-01 +3.0055e-01 -7.8266e-02 -1.7089e-01 +4.5719e-01 +4.2232e-02 +3.3395e-01 +7.7585e-01 +1.9509e-01 -1.1684e-01
% function evaluation | noise-free fitness - Fopt (-1.449600000000e+02) | best noise-free fitness - Fopt | measured fitness | best measured fitness | x1 | x2...
1 +4.306067014e+04 +4.306067014e+04 +4.291571014e+04 +4.291571014e+04 -3.3740e-01 -1.7978e-01 +3.8088e-01 -4.3115e-01 -4.5672e-01 +1.7882e-01 +1.1774e-01 +3.4144e-01 +1.5341e-01 -2.3460e-02 -4.4304e-01 -2.2593e-01 -1.5595e-01 +1.7505e-01 -5.0835e-01 -6.7238e-01 +9.8835e-02 +5.1522e-01 -5.6739e-01 +2.6438e-01
2 +3.159883246e+04 +3.159883246e+04 +3.145387246e+04 +3.145387246e+04 -1.2417e-01 -1.1008e-01 +2.1316e-01 +5.8034e-02 +2.8824e-01 -4.9449e-01 +4.1365e-01 +2.6118e-01 +9.2131e-02 -6.2535e-02 +7.7508e-01 +4.7468e-02 +1.1929e-01 -4.7530e-01 -6.8597e-01 -7.4758e-01 +9.1762e-01 -3.6827e-01 +2.5990e-01 -2.9050e-01
3 +2.038047304e+04 +2.038047304e+04 +2.023551304e+04 +2.023551304e+04 +3.6156e-01 -1.8068e-01 -3.2925e-01 -1.4808e-01 +2.5843e-01 -4.4106e-01 -2.7141e-01 +7.7889e-02 -4.0340e-01 +1.8664e-01 +3.1493e-01 +1.4388e-01 +5.3624e-01 +5.9888e-01 -3.8049e-01 +2.2861e-01 +1.2704e-01 +3.7725e-01 +5.5219e-01 +3.4048e-01
12 +8.824537119e+03 +8.824537119e+03 +8.679577119e+03 +8.679577119e+03 -2.8021e-01 +6.8762e-02 -7.0118e-02 +3.9277e-01 -3.8932e-01 -1.6317e-01 +1.9071e-01 -3.1283e-01 -1.2450e-01 +1.8418e-01 +3.3705e-01 -4.1701e-02 +5.3536e-02 +1.5250e-01 +6.1227e-01 +3.6885e-01 +1.2522e-01 -2.1248e-01 +4.9211e-01 -2.3242e-01
% function evaluation | noise-free fitness - Fopt (-6.300000000000e+00) | best noise-free fitness - Fopt | measured fitness | best measured fitness | x1 | x2...
1 +4.021160933e+04 +4.021160933e+04 +4.020530933e+04 +4.020530933e+04 -3.2912e-01 -1.5005e-02 -5.6386e-01 -2.6868e-01 -4.1981e-01 +3.4948e-01 +2.8360e-01 +1.2078e-01 +4.7221e-01 +7.3617e-02 +8.6424e-01 +6.9792e-02 +7.1273e-01 +2.6821e-01 +9.2572e-01 -1.2128e-01 -6.0513e-01 +6.4247e-01 +8.6395e-01 -2.5160e-01
2 +1.677740717e+04 +1.677740717e+04 +1.677110717e+04 +1.677110717e+04 -3.4083e-02 +2.8527e-01 -2.8443e-02 +2.0822e-01 -3.8095e-01 +3.2096e-02 +8.5220e-01 +1.0069e-01 +1.5019e-02 +6.7193e-03 -4.7273e-01 +1.3619e-01 -6.7252e-01 -6.5229e-01 -3.9430e-01 -2.2951e-02 +3.7158e-01 -2.4445e-01 +1.7686e-01 -6.2057e-01
4 +1.566185445e+04 +1.566185445e+04 +1.565555445e+04 +1.565555445e+04 +4.0671e-02 +7.9204e-02 +5.9945e-01 +1.6097e-01 +1.8266e-01 -4.8524e-01 -2.4878e-01 -6.4890e-02 +6.4112e-01 +5.8300e-01 -1.4684e-01 -9.5129e-03 +3.0679e-03 -6.6959e-01 -2.4595e-02 +5.0658e-01 +5.3619e-01 +2.0587e-01 -8.8042e-01 -6.1049e-01
42 +9.873802230e+03 +9.873802230e+03 +9.867502230e+03 +9.867502230e+03 -2.9960e-01 -2.1157e-01 +3.6133e-02 +1.3247e-01 -5.7390e-01 -4.1696e-01 +2.5434e-02 -5.4264e-01 +4.1884e-01 -7.0113e-01 +3.8803e-01 +4.0454e-02 -6.0261e-01 -1.6795e-01 -3.8993e-01 -5.9660e-01 -6.9846e-01 -2.3743e-01 -6.5795e-01 -2.8948e-01
% function evaluation | noise-free fitness - Fopt (-3.790000000000e+00) | best noise-free fitness - Fopt | measured fitness | best measured fitness | x1 | x2...
1 +2.525113277e+04 +2.525113277e+04 +2.524734277e+04 +2.524734277e+04 +6.5415e-02 -2.9955e-01 +7.0770e-01 -4.5842e-02 +1.1179e-01 +1.0541e-01 +8.8878e-01 -2.9982e-01 -3.9808e-02 -5.1057e-01 -7.8333e-02 +1.2382e-01 +3.7347e-02 -5.6894e-01 +2.8263e-01 -5.6016e-01 +2.8275e-01 -3.8127e-01 +1.7421e-01 -1.4668e-01
2 +1.435577163e+04 +1.435577163e+04 +1.435198163e+04 +1.435198163e+04 -1.7954e-01 +8.1901e-01 +1.4554e-01 +1.3516e-01 -2.5158e-01 +4.1114e-02 -1.6394e-02 -4.4621e-01 +3.1692e-01 -3.5835e-02 -3.4063e-01 +6.3088e-02 +4.6312e-01 -1.8503e-01 +3.3200e-01 +5.8756e-01 +2.9794e-01 -1.8065e-01 +6.2652e-02 -4.7036e-01
98 +8.665092326e+03 +8.665092326e+03 +8.661302326e+03 +8.661302326e+03 -1.9952e-01 -3.7309e-01 +4.6940e-01 +3.0545e-01 +3.8159e-01 +3.7417e-01 +1.2492e-01 +4.5724e-01 -4.6089e-01 +2.0147e-01 -5.8445e-01 -4.7985e-01 +3.8809e-01 +2.1783e-02 +4.3830e-01 +3.8723e-01 +5.5599e-01 +4.5079e-01 -3.7035e-02 -5.1697e-01
% function evaluation | noise-free fitness - Fopt (-5.675000000000e+01) | best noise-free fitness - Fopt | measured fitness | best measured fitness | x1 | x2...
1 +4.071834557e+04 +4.071834557e+04 +4.066159557e+04 +4.066159557e+04 -1.2080e-01 -6.9245e-01 +2.9921e-01 -1.5990e-01 +4.8845e-03 -2.3375e-01 -4.7376e-01 -4.2048e-01 -2.7428e-01 -3.0355e-01 +1.3185e-01 +5.8559e-01 -6.1308e-01 -5.3036e-02 -5.4743e-02 +3.2454e-01 -4.1184e-01 -1.6098e-01 +5.0142e-01 +7.8290e-01
2 +1.462241878e+04 +1.462241878e+04 +1.456566878e+04 +1.456566878e+04 -8.8343e-02 -4.6058e-01 +1.6338e-01 +1.6213e-01 -9.1700e-02 +2.2028e-01 -4.8821e-01 +4.4176e-01 -2.4801e-01 -3.3813e-01 -4.6548e-01 +2.7966e-01 +7.3255e-01 +5.3698e-01 -7.6768e-01 -4.6026e-01 +3.8090e-01 -6.6554e-02 -9.9488e-02 -1.1314e-01
25 +9.030168167e+03 +9.030168167e+03 +8.973418167e+03 +8.973418167e+03 +4.5491e-01 +2.3847e-01 -1.1592e-01 -7.3622e-01 -1.0878e-02 -1.9641e-01 +6.7947e-03 -2.3451e-01 -9.3336e-01 +2.1912e-01 -1.3792e-01 -5.8743e-01 +1.8168e-01 -2.1996e-01 +6.8776e-02 -6.8528e-01 +2.7635e-01 -4.6016e-02 -6.6776e-01 -3.5244e-01
% function evaluation | noise-free fitness - Fopt (-5.980000000000e+01) | best noise-free fitness - Fopt | measured fitness | best measured fitness | x1 | x2...
1 +2.345729836e+04 +2.345729836e+04 +2.339749836e+04 +2.339749836e+04 -2.6292e-01 -4.6007e-01 +2.0329e-02 -5.6229e-01 +1.2912e-01 -5.8682e-01 -5.7229e-01 -1.0713e-02 -7.3562e-01 +5.4432e-01 +6.4822e-01 +2.4486e-01 +3.6588e-01 +1.3246e-01 -3.3296e-01 -3.8622e-01 -1.7321e-01 +6.5876e-01 +8.2311e-01 -1.8427e-01
2 +1.393998852e+04 +1.393998852e+04 +1.388018852e+04 +1.388018852e+04 +5.6597e-04 +4.3975e-01 +3.0046e-01 -8.8329e-01 +3.7257e-01 +6.4964e-01 +1.8484e-01 +6.5216e-01 +4.5610e-01 -5.8859e-02 +1.1344e-01 +3.9972e-02 +2.1829e-01 -4.9637e-02 +3.6970e-02 -2.6077e-01 -3.8932e-01 +4.2005e-02 -3.8996e-01 -1.1155e-01
9 +9.734117126e+03 +9.734117126e+03 +9.674317126e+03 +9.674317126e+03 +7.6062e-01 -5.6420e-01 +2.3310e-01 +6.4546e-01 -4.9325e-01 +5.7874e-01 -1.5850e-01 -3.1884e-01 +6.8972e-01 +5.9704e-01 +3.3685e-01 -1.8565e-01 -1.9732e-01 -5.3881e-03 -5.8062e-01 +6.9678e-01 +3.0667e-01 +4.4594e-01 -7.5751e-01 +8.9970e-02
% function evaluation | noise-free fitness - Fopt (1.155700000000e+02) | best noise-free fitness - Fopt | measured fitness | best measured fitness | x1 | x2...
1 +2.143103493e+04 +2.143103493e+04 +2.154660493e+04 +2.154660493e+04 -3.0966e-01 +3.1679e-01 +9.6392e-02 +4.2430e-02 -9.8742e-03 -5.1292e-02 -3.9100e-01 +7.2225e-01 -3.1966e-01 +4.7815e-02 -4.5335e-01 -2.7689e-02 -4.0083e-04 +4.6619e-01 -4.7553e-01 -5.7304e-01 -5.6942e-01 +5.1815e-01 -1.3364e-01 +1.3553e-01
4 +1.279841312e+04 +1.279841312e+04 +1.291398312e+04 +1.291398312e+04 +1.9725e-01 +1.4062e-01 -5.6161e-01 -1.7271e-01 -3.5489e-01 -5.7105e-01 -1.2640e-01 -2.4230e-02 -1.4936e-01 +1.2268e-02 +2.8792e-01 +2.9343e-01 -2.8804e-01 +5.4627e-01 -1.4695e-02 +3.4330e-01 +3.7408e-01 -3.1061e-01 -5.5299e-01 +2.2792e-01
20 +7.559290740e+03 +7.559290740e+03 +7.674860740e+03 +7.674860740e+03 -6.3839e-01 +7.8055e-02 +3.4615e-01 -7.2557e-03 -8.4786e-02 +2.2959e-01 -6.0047e-01 -1.6949e-01 -8.3076e-02 +4.9938e-01 +2.1123e-01 +7.2849e-01 -6.7864e-01 -4.5040e-01 +3.4622e-02 -6.2347e-02 -5.8607e-01 -3.9380e-01 -2.2535e-01 +3.9443e-01
% function evaluation | noise-free fitness - Fopt (-3.912000000000e+01) | best noise-free fitness - Fopt | measured fitness | best measured fitness | x1 | x2...
1 +2.201471840e+04 +2.201471840e+04 +2.197559840e+04 +2.197559840e+04 -1.3422e-01 +7.2942e-01 -4.6303e-01 -1.2696e-01 +1.7519e-01 +2.4951e-01 -2.8437e-01 -2.7213e-02 +4.3042e-01 -3.1835e-01 +1.6358e-01 +1.6895e-01 -2.5309e-01 -6.6914e-01 -4.9428e-01 +2.0052e-01 +1.6184e-01 -3.9613e-01 -4.1033e-01 -5.0101e-01
3 +1.189979034e+04 +1.189979034e+04 +1.186067034e+04 +1.186067034e+04 -1.9489e-01 -3.0061e-01 +4.7473e-01 -3.1100e-01 -1.4228e-01 +3.6493e-01 +8.7938e-01 -1.1293e-01 +2.5923e-01 -6.0512e-01 +5.2654e-01 +2.4812e-01 +8.3447e-02 -2.9621e-01 -1.5923e-01 -4.8089e-01 +3.1899e-01 -7.8704e-01 +2.2374e-01 +7.0986e-01
5 +9.076843950e+03 +9.076843950e+03 +9.037723950e+03 +9.037723950e+03 -3.1130e-01 -7.3286e-01 -4.8372e-01 +6.4416e-01 -1.3920e-01 -7.6433e-01 +1.9053e-01 -1.1730e-01 -1.4033e-01 +1.3089e-01 -3.4676e-01 +2.5642e-01 +5.7782e-01 -2.8211e-01 -3.4578e-01 -4.4938e-01 -7.2791e-02 -4.4451e-01 -3.8108e-01 +2.2076e-01
43 +6.296207504e+03 +6.296207504e+03 +6.257087504e+03 +6.257087504e+03 +3.2002e-01 +4.8278e-02 -1.8687e-01 +2.5712e-01 +2.4482e-01 +2.2316e-02 -7.0395e-02 +4.0392e-01 +3.1111e-01 -4.6917e-01 -7.9162e-01 -6.6410e-01 +1.8665e-01 -4.8736e-01 -1.6233e-01 -3.4079e-01 -6.5885e-02 -6.6539e-01 -6.4772e-01 +2.0441e-01
% function evaluation | noise-free fitness - Fopt (-8.801000000000e+01) | best noise-free fitness - Fopt | measured fitness | best measured fitness | x1 | x2...
1 +2.019698923e+04 +2.019698923e+04 +2.010897923e+04 +2.010897923e+04 -2.5340e-01 -4.8805e-01 +1.5577e-01 +5.0546e-01 +1.3903e-01 +3.0077e-01 +7.8048e-02 +4.5749e-01 -4.4913e-01 +1.4127e-02 +7.3984e-01 +6.2329e-01 -6.7155e-01 +1.2914e-01 +5.6445e-01 +1.9393e-01 -5.9082e-01 +1.7055e-01 +6.8466e-01 +2.8545e-01
3 +1.508502336e+04 +1.508502336e+04 +1.499701336e+04 +1.499701336e+04 +3.7250e-01 +1.4251e-01 -1.2058e-01 -5.6878e-01 -4.6023e-01 -5.5131e-01 +2.9225e-02 +4.9360e-01 +1.7760e-01 -4.2103e-01 -3.5991e-01 -1.5755e-01 +5.9043e-01 +3.3993e-02 +2.1691e-01 +4.2062e-01 -1.4290e-01 -6.2250e-01 -1.9757e-01 +6.1430e-01
54 +9.334265436e+03 +9.334265436e+03 +9.246255436e+03 +9.246255436e+03 +1.0629e-01 -5.5257e-01 -3.5447e-01 +8.5415e-01 +2.8429e-01 +7.0322e-01 +8.0863e-01 -1.6462e-01 +3.1041e-01 -3.1645e-01 -1.9378e-01 -3.7007e-02 +3.1124e-01 -4.4156e-02 +1.6070e-01 -7.1009e-02 -1.9867e-01 +5.2861e-01 -5.4505e-01 +4.9644e-02
% function evaluation | noise-free fitness - Fopt (7.934000000000e+01) | best noise-free fitness - Fopt | measured fitness | best measured fitness | x1 | x2...
1 +3.718086325e+04 +3.718086325e+04 +3.726020325e+04 +3.726020325e+04 +8.7601e-01 +6.2848e-01 +1.3279e-01 +1.1630e-01 -6.7682e-01 +1.8513e-01 -2.5487e-01 +3.4740e-01 -3.2268e-02 -1.2213e-02 -5.7567e-01 +1.9740e-01 -5.8050e-01 -2.5229e-01 -2.2665e-01 -1.8550e-01 +2.8734e-01 -6.0221e-01 -7.2847e-02 -5.3019e-01
2 +1.453853327e+04 +1.453853327e+04 +1.461787327e+04 +1.461787327e+04 +5.1596e-01 +2.9132e-01 +1.0323e-01 -5.1674e-01 -1.3018e-01 -1.2328e-02 +1.9054e-02 -5.1024e-01 +8.9281e-02 +3.2510e-02 +1.9647e-02 -7.3978e-01 +5.1285e-02 +1.1853e-01 -9.2679e-01 -2.6253e-01 -1.3870e-01 -5.6737e-01 +5.9587e-01 +8.8488e-01
42 +9.613456488e+03 +9.613456488e+03 +9.692796488e+03 +9.692796488e+03 -3.6655e-01 +2.2627e-01 +4.0243e-01 +5.6953e-01 -3.3315e-02 -8.1440e-01 -6.0056e-02 -8.6146e-03 +7.1008e-01 -1.2465e-01 +6.2469e-02 +2.4452e-01 +8.6844e-01 +3.2112e-01 -5.9821e-02 -2.6392e-02 -6.0337e-01 +4.6914e-02 +4.3105e-01 +8.5901e-02
% function evaluation | noise-free fitness - Fopt (1.721800000000e+02) | best noise-free fitness - Fopt | measured fitness | best measured fitness | x1 | x2...
1 +2.399282601e+04 +2.399282601e+04 +2.416500601e+04 +2.416500601e+04 +1.9354e-01 +8.1124e-01 -6.6428e-01 +5.7706e-01 +3.4363e-01 -3.4632e-01 -6.1378e-01 -6.7035e-01 -1.2857e-01 -1.1902e-01 +6.9543e-01 -9.8703e-02 -2.0219e-01 +2.3210e-01 -4.1197e-02 +2.8130e-01 +4.8264e-02 -6.5692e-01 -4.0295e-02 -5.4023e-01
9 +1.207559610e+04 +1.207559610e+04 +1.224777610e+04 +1.224777610e+04 +9.0352e-01 +2.5431e-01 -5.5041e-01 -1.7835e-01 +9.7949e-02 -4.2736e-01 +2.1493e-01 -3.0607e-01 +8.8617e-02 +6.9393e-01 +1.0251e-01 -7.1475e-01 -2.6434e-01 +2.8162e-01 +6.7727e-01 +7.1495e-01 -1.3304e-01 +2.7703e-01 +5.4542e-01 -1.6177e-01
39 +9.889749479e+03 +9.889749479e+03 +1.006192948e+04 +1.006192948e+04 +2.2891e-01 -3.9714e-01 +2.1186e-02 +2.9840e-02 -4.1583e-01 -5.6166e-01 -3.6826e-02 -4.3755e-01 -6.7140e-01 -6.0417e-01 +3.4161e-01 +2.8556e-02 +6.2605e-02 +1.0326e-01 -1.2290e-01 -1.4871e-01 +1.4990e-01 +4.7423e-01 +3.6497e-01 -8.0910e-01
% function evaluation | noise-free fitness - Fopt (-3.181900000000e+02) | best noise-free fitness - Fopt | measured fitness | best measured fitness | x1 | x2...
1 +1.539786890e+04 +1.539786890e+04 +1.507967890e+04 +1.507967890e+04 +1.5713e-01 +5.5843e-01 +2.2234e-01 +7.3246e-01 +6.0255e-02 -7.7261e-02 +6.2520e-01 +2.5452e-01 +4.2682e-01 +2.3613e-01 +6.6201e-01 +5.6930e-01 -2.4687e-01 +6.7460e-01 +1.5531e-01 -5.7211e-01 -1.1765e-01 -4.6669e-01 +9.0179e-02 +6.3796e-01
67 +6.393667360e+03 +6.393667360e+03 +6.075477360e+03 +6.075477360e+03 +4.4485e-01 -4.5341e-02 +5.9300e-01 +4.1143e-01 +2.3369e-01 -1.1657e-01 -2.5192e-01 +6.0877e-01 +3.8529e-01 -1.6559e-01 -7.3152e-01 +2.0306e-01 -1.1896e-01 -3.7053e-01 +1.3299e-01 +4.7738e-01 -8.7327e-01 -8.7803e-01 +3.7513e-01 +5.7370e-03
% function evaluation | noise-free fitness - Fopt (-5.276000000000e+01) | best noise-free fitness - Fopt | measured fitness | best measured fitness | x1 | x2...
1 +2.180310845e+04 +2.180310845e+04 +2.175034845e+04 +2.175034845e+04 +9.0812e-04 +5.3341e-01 +1.6432e-01 +1.8759e-02 +3.4653e-01 -1.9604e-01 -7.3354e-01 +7.4283e-02 -2.5359e-01 -1.4176e-01 +5.4666e-02 +5.2150e-01 -4.9888e-01 -1.7609e-01 +5.2122e-01 +3.4884e-01 -1.8083e-01 -1.7473e-01 +2.2743e-01 +3.2371e-01
2 +1.290939247e+04 +1.290939247e+04 +1.285663247e+04 +1.285663247e+04 -8.6451e-01 -3.3889e-01 +3.4883e-01 -2.5143e-01 +3.9654e-01 -4.4731e-02 -2.8512e-01 +4.0879e-01 -5.4311e-01 -1.5427e-01 +6.1904e-03 +2.4629e-01 -5.9237e-01 -8.1952e-01 +5.5223e-01 -3.3177e-01 -6.7858e-01 +5.9835e-01 +1.2502e-02 -2.5703e-01
7 +9.965054060e+03 +9.965054060e+03 +9.912294060e+03 +9.912294060e+03 +4.0096e-01 -2.5838e-01 +5.3299e-02 +7.8652e-03 +5.7343e-01 +2.1615e-01 -8.1367e-01 +2.2972e-01 -7.7887e-03 +6.0599e-02 -4.0971e-01 +7.7346e-01 +3.3410e-01 -4.8943e-01 +6.8790e-01 +4.3171e-01 -1.0541e-02 +5.7353e-01 +5.1069e-01 -4.0596e-01
