% function evaluation | noise-free fitness - Fopt (-1.025500000000e+02) | best noise-free fitness - Fopt | measured fitness | best measured fitness | x1 | x2...
1 +4.971256163e+00 +4.971256163e+00 -9.757874384e+01 -9.757874384e+01 -5.9019e-01 -3.5793e-01 -8.4183e-02 +2.9152e-01 -1.8961e-01 -5.1287e-01 -5.7705e-01 -7.3370e-02 -1.8591e-01 +5.6690e-02 +2.3502e-01 -1.9094e-01 +8.8863e-03 -4.6190e-02 -3.0903e-01 +2.9185e-01 +4.1846e-01 -2.9397e-01 +1.1620e-01 +6.8100e-01
% function evaluation | noise-free fitness - Fopt (7.169000000000e+01) | best noise-free fitness - Fopt | measured fitness | best measured fitness | x1 | x2...
1 +1.005078320e+01 +1.005078320e+01 +8.174078320e+01 +8.174078320e+01 +1.6490e-02 -8.4197e-01 -3.0395e-01 +5.0407e-01 +5.6236e-01 +1.8718e-01 +3.2487e-01 -1.0978e-02 -3.4860e-01 -5.1061e-01 +7.1046e-01 +4.6012e-01 -3.0836e-01 +3.2481e-01 +4.1502e-01 +1.3519e-01 +2.5797e-01 -4.9254e-01 -5.0511e-01 +7.0357e-01
2 +8.909814212e+00 +8.909814212e+00 +8.059981421e+01 +8.059981421e+01 +7.6125e-03 +1.5989e-01 -1.5890e-01 -1.2522e-02 -2.9594e-01 +3.5104e-01 +4.0362e-01 +6.2029e-01 -6.1353e-01 +2.0521e-03 +3.9556e-01 +3.9046e-01 +2.1349e-01 +2.8825e-01 +2.4055e-01 -9.2581e-01 +1.4735e-01 +2.5907e-01 +8.4145e-02 -5.1033e-01
% function evaluation | noise-free fitness - Fopt (2.140100000000e+02) | best noise-free fitness - Fopt | measured fitness | best measured fitness | x1 | x2...
1 +6.391441785e+00 +6.391441785e+00 +2.204014418e+02 +2.204014418e+02 +4.3749e-01 -9.5399e-01 -5.8250e-01 +1.8697e-01 -9.7397e-02 +4.2896e-01 -7.0561e-01 +8.9539e-01 -5.7154e-01 -2.5733e-01 +4.5445e-01 -5.2403e-01 -2.0912e-01 -5.4755e-01 -6.6096e-01 +5.1805e-01 -1.4863e-01 +8.0965e-01 -1.8970e-01 +5.9073e-01
4 +6.040917942e+00 +6.040917942e+00 +2.200509179e+02 +2.200509179e+02 -7.6449e-02 -4.1329e-01 -3.2981e-01 -2.2391e-01 -2.3334e-01 -2.0714e-01 +3.7305e-02 +1.7998e-01 -1.4582e-01 -1.5549e-01 -2.3483e-01 -1.2199e-01 +4.4509e-01 +4.0266e-01 -1.9256e-01 -6.3727e-02 -5.1839e-01 +2.2239e-01 -2.2405e-02 -4.3791e-01
% function evaluation | noise-free fitness - Fopt (-5.848000000000e+01) | best noise-free fitness - Fopt | measured fitness | best measured fitness | x1 | x2...
1 +9.729371887e+00 +9.729371887e+00 -4.875062811e+01 -4.875062811e+01 +2.5450e-01 +2.8721e-01 +9.5211e-02 +1.2393e-01 -2.1069e-01 +4.0042e-01 +7.6507e-01 +4.8222e-01 +4.0755e-02 +5.0207e-01 +5.4878e-01 -2.8585e-01 +2.2012e-01 +4.7652e-01 +2.3490e-01 -1.7360e-01 -1.0018e-01 +5.4254e-01 -5.8209e-01 -7.3126e-01
7 +6.255489378e+00 +6.255489378e+00 -5.222451062e+01 -5.222451062e+01 +5.5050e-01 +9.8614e-03 +7.4298e-01 -8.3816e-02 -1.5076e-01 -1.4919e-01 -5.6069e-01 -5.1024e-03 +5.7053e-01 -2.1092e-01 -6.3120e-01 +1.2275e-01 -8.0646e-02 +9.3084e-02 -4.4424e-01 -8.4719e-01 -2.1580e-01 -1.0612e-02 -2.1454e-02 -2.4849e-01
% function evaluation | noise-free fitness - Fopt (-6.130800000000e+02) | best noise-free fitness - Fopt | measured fitness | best measured fitness | x1 | x2...
1 +7.826897074e+00 +7.826897074e+00 -6.052531029e+02 -6.052531029e+02 +4.9933e-01 +3.1279e-01 -8.1068e-01 -4.6367e-01 -7.3529e-01 +6.1910e-01 +9.8726e-02 +2.0281e-02 +5.3480e-01 +8.3158e-02 +1.0428e-01 -8.7966e-02 -4.7613e-01 -7.7606e-01 +1.7280e-02 -2.7608e-03 -1.7550e-03 -3.9371e-01 -6.0637e-01 +7.4858e-01
29 +5.410418666e+00 +5.410418666e+00 -6.076695813e+02 -6.076695813e+02 +4.6449e-01 -1.2377e-01 -6.0855e-01 -5.1294e-01 +8.2697e-01 -5.9929e-03 +6.0370e-02 +3.0162e-01 -4.6896e-01 +2.5417e-01 +6.0629e-03 +2.8128e-01 -1.4315e-01 +7.8058e-01 +5.9695e-02 +8.1842e-02 +1.7185e-01 -3.2693e-01 -3.8697e-01 -4.5141e-02
% function evaluation | noise-free fitness - Fopt (-1.000000000000e+03) | best noise-free fitness - Fopt | measured fitness | best measured fitness | x1 | x2...
1 +1.036404670e+01 +1.036404670e+01 -9.896359533e+02 -9.896359533e+02 +3.6086e-01 +2.9513e-01 +1.4892e-02 -3.0294e-01 -5.5775e-01 +5.7181e-01 +5.1253e-01 +2.5075e-01 -4.9896e-01 -2.1859e-01 -2.4237e-01 -3.6797e-01 -1.6934e-03 -6.6840e-01 -1.2603e-01 -2.7365e-01 -7.9674e-01 -9.8277e-02 -4.2911e-01 -6.4721e-02
5 +6.443153114e+00 +6.443153114e+00 -9.935568469e+02 -9.935568469e+02 +5.2814e-02 +1.0065e-01 +1.6884e-01 -1.3451e-01 +3.7294e-01 -2.7734e-01 +6.3354e-01 +1.2438e-01 -1.7399e-01 -6.1335e-01 +7.6486e-01 +5.9358e-01 +1.0507e-01 +1.3509e-01 +1.5492e-01 -1.8812e-01 +7.2999e-02 -4.1307e-01 +1.0141e-01 +1.7404e-01
56 +6.197688598e+00 +6.197688598e+00 -9.938023114e+02 -9.938023114e+02 -2.3735e-01 -3.5291e-01 +2.7037e-01 +7.0465e-03 +3.5678e-01 -2.6306e-01 +3.1569e-01 +6.6392e-02 -4.7142e-01 +4.4990e-01 +4.3121e-01 +2.4664e-02 -4.1554e-01 +3.4553e-01 +5.0600e-01 -1.1983e-01 -1.8951e-01 -5.1490e-01 -2.5051e-01 -6.6289e-02
% function evaluation | noise-free fitness - Fopt (-4.841800000000e+02) | best noise-free fitness - Fopt | measured fitness | best measured fitness | x1 | x2...
1 +9.217563439e+00 +9.217563439e+00 -4.749624366e+02 -4.749624366e+02 -4.6393e-01 -3.6878e-01 -3.9331e-01 +8.2086e-01 +5.9962e-02 -5.1231e-01 +2.1330e-01 +1.1533e-01 +1.9608e-01 -4.6812e-01 +3.8028e-01 -3.6200e-01 -8.3216e-02 -8.0143e-01 -5.9953e-01 +1.5466e-01 +4.9207e-01 +5.9228e-01 -1.2071e-01 -6.5904e-02
41 +6.191807913e+00 +6.191807913e+00 -4.779881921e+02 -4.779881921e+02 +2.6642e-01 +5.4836e-02 -3.6675e-01 -6.6130e-02 -3.1937e-02 +4.2708e-01 +5.1081e-01 -1.8616e-01 -1.6219e-01 +1.8586e-01 +3.1610e-01 -1.5438e-01 +1.4243e-01 +2.9141e-02 -6.3523e-02 +2.4672e-01 +6.9358e-01 -2.5367e-01 -5.1156e-01 -4.3477e-01
% function evaluation | noise-free fitness - Fopt (-2.504000000000e+01) | best noise-free fitness - Fopt | measured fitness | best measured fitness | x1 | x2...
1 +1.005819401e+01 +1.005819401e+01 -1.498180599e+01 -1.498180599e+01 +4.0359e-01 +4.5330e-01 +4.7302e-01 +1.3215e-01 +1.5814e-01 -2.9326e-01 -1.3760e-01 -1.9975e-01 -2.1943e-01 +1.0141e-02 +2.6699e-01 -6.8849e-02 -2.1203e-01 +2.3355e-01 -6.8834e-01 +8.5595e-02 +3.0930e-01 +5.1369e-01 -3.5391e-01 +3.4838e-01
6 +8.428770270e+00 +8.428770270e+00 -1.661122973e+01 -1.661122973e+01 -1.0201e-01 -6.5764e-02 -1.2310e-01 +5.1387e-01 +6.2871e-02 +2.9384e-01 +3.8296e-01 -7.7797e-01 +3.8872e-01 +2.9328e-02 +1.6400e-01 -5.8129e-01 +3.1653e-01 +7.9747e-01 -2.7218e-01 +3.3263e-01 -3.6560e-01 +3.8286e-01 +2.6181e-01 +3.8400e-01
25 +5.932777715e+00 +5.932777715e+00 -1.910722228e+01 -1.910722228e+01 +6.3907e-01 +9.9394e-02 -1.9461e-01 -4.0432e-01 -1.6714e-01 -3.1569e-01 -6.5973e-02 +1.6779e-01 +6.1268e-01 -5.3575e-02 -7.1554e-01 +5.0811e-01 +2.0925e-01 -2.9740e-01 -3.7391e-01 +4.4645e-01 +5.4037e-01 -3.3139e-01 -1.3168e-01 +4.4203e-02
% function evaluation | noise-free fitness - Fopt (-1.411900000000e+02) | best noise-free fitness - Fopt | measured fitness | best measured fitness | x1 | x2...
1 +8.024417371e+00 +8.024417371e+00 -1.331655826e+02 -1.331655826e+02 +3.4965e-01 -2.7330e-01 +1.8297e-01 +1.0837e-01 +1.2226e-01 -1.1071e-01 -4.9495e-01 +5.6179e-01 -3.1246e-01 -5.3664e-01 +1.5687e-01 -4.6833e-01 -1.5473e-01 +6.4791e-01 +6.3595e-01 -3.9112e-02 +2.9286e-01 -2.9867e-01 +3.8892e-02 -1.3687e-01
56 +6.269878742e+00 +6.269878742e+00 -1.349201213e+02 -1.349201213e+02 +5.4650e-02 -6.7579e-03 -1.4093e-01 -8.1260e-01 -3.2235e-01 -1.6044e-01 +5.6490e-02 -5.1920e-02 +1.1147e-01 +4.0227e-01 +6.5566e-01 +2.9343e-01 +1.3809e-01 -1.4198e-01 -9.2756e-01 -1.0062e-01 -3.4246e-01 -6.7154e-02 +6.4931e-02 +4.4757e-01
% function evaluation | noise-free fitness - Fopt (4.889000000000e+02) | best noise-free fitness - Fopt | measured fitness | best measured fitness | x1 | x2...
1 +5.758672308e+00 +5.758672308e+00 +4.946586723e+02 +4.946586723e+02 +5.1176e-01 -8.6289e-01 +1.3742e-01 -1.9321e-01 +1.9502e-01 +3.8501e-01 -4.6432e-01 -1.3356e-01 -7.5774e-02 -7.4202e-01 -4.4867e-01 -7.6947e-01 -1.5482e-01 -2.3794e-01 -5.9245e-02 -8.2695e-01 -6.1740e-02 +1.0374e-01 +6.0587e-01 -1.1854e-01
% function evaluation | noise-free fitness - Fopt (1.190000000000e+00) | best noise-free fitness - Fopt | measured fitness | best measured fitness | x1 | x2...
1 +7.827451607e+00 +7.827451607e+00 +9.017451607e+00 +9.017451607e+00 +1.0261e-01 +2.8914e-01 +1.9327e-01 -3.0428e-01 -1.8061e-02 -1.6682e-02 +9.5049e-02 +4.4921e-01 +2.0228e-02 -6.1103e-01 +2.0726e-02 +2.2607e-01 +2.5157e-01 -2.5555e-01 -4.1889e-01 +4.8732e-02 -1.9873e-01 -6.8304e-02 -1.6044e-01 +1.3295e-01
96 +6.155215458e+00 +6.155215458e+00 +7.345215458e+00 +7.345215458e+00 +6.1903e-01 -3.1467e-01 -1.1062e-01 +2.6193e-01 -2.5186e-02 -8.2857e-02 -1.3233e-03 -5.5843e-01 +2.0894e-01 -5.0562e-01 +9.8244e-02 -1.2896e-01 -5.1432e-01 +5.6152e-02 +5.7463e-01 +6.1890e-01 -2.2542e-01 -8.4318e-01 -1.7960e-03 -6.0778e-01
% function evaluation | noise-free fitness - Fopt (-6.097000000000e+01) | best noise-free fitness - Fopt | measured fitness | best measured fitness | x1 | x2...
1 +8.322181587e+00 +8.322181587e+00 -5.264781841e+01 -5.264781841e+01 +3.5386e-02 -4.4954e-01 -3.9388e-01 +2.6689e-01 +6.2248e-01 -5.4991e-01 -3.5810e-01 +9.2636e-01 +6.9670e-01 -1.9299e-01 +3.0876e-01 -5.4147e-01 -1.3562e-02 -4.9714e-01 +8.4431e-01 -2.0329e-01 +5.4064e-01 -2.3142e-01 +3.2470e-02 -3.2809e-01
38 +6.009869814e+00 +6.009869814e+00 -5.496013019e+01 -5.496013019e+01 +4.1506e-01 -1.8016e-01 -1.9941e-01 +6.2275e-01 +8.4634e-01 +2.7424e-01 -4.7579e-01 -8.4417e-04 +1.2313e-01 -1.7620e-01 +3.3802e-01 -1.6968e-01 +7.5633e-01 +4.6048e-01 -3.7050e-01 -2.3218e-01 +2.7878e-02 +1.0334e-01 -5.6166e-01 +5.5888e-02
% function evaluation | noise-free fitness - Fopt (1.000000000000e+03) | best noise-free fitness - Fopt | measured fitness | best measured fitness | x1 | x2...
1 +1.091534539e+01 +1.091534539e+01 +1.010915345e+03 +1.010915345e+03 +7.6131e-01 -5.5877e-02 -1.2272e-01 -1.2960e-01 +2.6181e-01 +5.1201e-01 -1.2707e-02 +4.1056e-01 -8.2286e-02 +1.3462e-01 +4.8567e-02 -6.8702e-02 +2.9594e-01 -1.7095e-01 -7.0097e-01 -6.5456e-01 -5.8252e-01 +4.4633e-01 -5.2786e-01 -3.5521e-01
3 +7.378006986e+00 +7.378006986e+00 +1.007378007e+03 +1.007378007e+03 +5.9917e-01 +7.5180e-01 +1.8314e-01 -6.9270e-01 -1.2898e-02 +4.3560e-01 -1.1536e-02 -2.3795e-01 -4.1393e-01 +3.9235e-01 -4.4453e-01 -5.4887e-01 +1.2393e-01 +2.8388e-01 +3.0462e-02 +1.6873e-01 +8.6006e-02 +7.8283e-01 +6.2115e-01 -1.8325e-01
% function evaluation | noise-free fitness - Fopt (5.100000000000e-01) | best noise-free fitness - Fopt | measured fitness | best measured fitness | x1 | x2...
1 +1.165475618e+01 +1.165475618e+01 +1.216475618e+01 +1.216475618e+01 -1.2007e-01 +2.6404e-01 -6.2717e-01 +4.9251e-01 +5.0975e-01 -3.5019e-01 -6.4352e-01 +3.1866e-01 -6.8493e-01 -4.0157e-01 +7.4903e-01 +4.4139e-01 -8.7909e-02 -1.1851e-02 +6.0909e-01 -3.1213e-01 +4.0800e-02 -1.2460e-01 +5.8079e-02 -8.3652e-02
2 +6.637999337e+00 +6.637999337e+00 +7.147999337e+00 +7.147999337e+00 +5.8689e-01 -1.7068e-01 +6.7988e-01 +2.8891e-01 -1.1087e-01 -7.4556e-01 +5.7698e-01 +7.2298e-01 +8.7319e-02 +4.8492e-01 -4.7279e-01 +3.3527e-01 +3.3416e-01 -2.8357e-01 -2.0686e-01 +7.8390e-02 +1.6483e-01 +2.0301e-01 -5.6619e-01 -5.4960e-01
33 +6.233955029e+00 +6.233955029e+00 +6.743955029e+00 +6.743955029e+00 -9.4999e-03 +8.1307e-01 +1.2753e-01 -7.4520e-01 +4.7723e-01 +8.1850e-02 -2.1171e-01 +3.7417e-01 -3.9552e-01 -1.5065e-01 +5.7196e-01 -3.8618e-01 +2.0423e-01 +5.2813e-02 -1.9574e-01 +4.7208e-01 +2.7837e-02 -2.1595e-01 +1.2712e-01 -3.9024e-02
% function evaluation | noise-free fitness - Fopt (9.318000000000e+01) | best noise-free fitness - Fopt | measured fitness | best measured fitness | x1 | x2...
1 +8.458334921e+00 +8.458334921e+00 +1.016383349e+02 +1.016383349e+02 +5.1601e-01 -1.7723e-01 -1.0554e-01 +8.5375e-02 -2.3076e-01 -8.3850e-01 -3.4175e-01 -5.9216e-01 +1.2955e-01 +1.1876e-01 -4.2236e-01 -9.1346e-02 -1.9679e-01 -3.7743e-01 -1.4778e-01 -1.6327e-01 +4.6841e-01 -7.1654e-01 +1.6225e-01 +5.5872e-01
9 +6.295131655e+00 +6.295131655e+00 +9.947513165e+01 +9.947513165e+01 +7.6458e-01 +6.5696e-02 -1.4943e-02 -4.0810e-01 +1.2253e-01 +5.4343e-01 +4.2132e-01 -3.8159e-01 -6.6126e-02 -5.3546e-02 -4.0517e-01 -4.5872e-02 -4.0385e-01 -6.4119e-02 -1.7726e-01 -4.8321e-02 -2.4672e-02 -1.7301e-01 -3.7544e-01 -3.0119e-01
